# NaN NaN NaN ;Mean Elev.(m), Avg Gradient(m/km), RMS Gradient(m/km) - SRTM1     
#   41.663   0.053   4.722 ;Mean Elev.(m), Avg Gradient(m/km), RMS Gradient(m/km) - ASTER GDEM
#    4.975  -0.380   2.006 ;Mean Elev.(m), Avg Gradient(m/km), RMS Gradient(m/km) - GMTED2010 
  6     4.705 52437.12002710 43.08 285.219883  10.516684 24.757
  6     4.718 52437.12002774 44.17 285.219138  10.519986 23.382
  7     4.423 52472.12002928 38.32 285.223879  10.521832 16.602
  7     4.350 52472.12002993 37.45 285.223139  10.525132 16.602
  8    -2.039 52507.12000507 33.79 285.226863  10.524371 11.883
  8    -0.948 52507.12000571 32.09 285.226113  10.527671 11.883
  9     3.077 52542.11998791 47.98 285.231638  10.528446 27.739
  9     3.097 52542.11998856 49.69 285.230898  10.531756 27.739
 10     3.837 52577.12003653 53.45 285.223530  10.521079 20.120
 10     3.904 52577.12003717 52.25 285.222790  10.524379 20.120
 11     4.847 52612.12000015 34.83 285.226041  10.522312 22.121
 11     4.575 52612.12000079 28.88 285.225301  10.525612 22.121
 11     4.664 52612.12000144 34.78 285.224561  10.528922 22.121
 12     3.617 52647.11998536 27.30 285.227713  10.523637 23.012
 12     3.850 52647.11998601 26.41 285.226963  10.526947 23.012
 12     3.628 52647.11998665 25.40 285.226223  10.530247 23.012
 13     1.428 52682.11995669 26.88 285.234878  10.530482 18.572
 13     2.764 52682.11995733 25.84 285.234138  10.533792 18.572
 14     1.577 52717.12001471 35.95 285.224598  10.521573 11.977
 14     1.582 52717.12001535 47.75 285.223848  10.524883 11.977
 15     3.207 52752.12003843 45.96 285.218451  10.514492 24.670
 15     3.226 52752.12003907 44.83 285.217712  10.517794 15.904
 16     4.234 52787.11998466 51.59 285.224758  10.520880 13.089
 16     4.143 52787.11998530 52.43 285.224005  10.524182 19.105
 17     5.286 52822.12005770 53.32 285.225912  10.523027 26.157
 17     4.868 52822.12005835 52.00 285.225161  10.526328 26.074
 18     4.676 52857.12010488 51.88 285.229055  10.523871 20.066
 18     4.514 52857.12010552 37.57 285.228306  10.527173 19.671
 18     4.468 52857.12010617 33.21 285.227566  10.530473 19.671
 19     3.788 52892.12013648 34.69 285.224175  10.520420 13.253
 19     3.737 52892.12013713 39.55 285.223435  10.523720 13.253
 20     4.942 52927.12008880 54.39 285.226164  10.523185 19.369
 20     4.838 52927.12008944 48.46 285.225414  10.526485 19.369
 21     5.711 52962.12005854 51.41 285.232942  10.528122 36.142
 21     5.814 52962.12005918 46.95 285.232202  10.531422 36.142
 21     5.718 52962.12005983 45.87 285.231452  10.534732 36.142
 22     6.441 52997.12009956 35.23 285.224768  10.521379 32.192
 22     6.164 52997.12010020 34.57 285.224018  10.524679 32.192
 23     4.219 53032.12005903 28.57 285.226623  10.524004 20.745
 23     4.026 53032.12005967 25.81 285.225883  10.527304 20.745
 24     3.068 53067.12006959 21.04 285.229108  10.526697 22.996
 24     3.264 53067.12007023 16.37 285.228368  10.529997 22.996
 25     3.430 53102.12006287 30.41 285.225527  10.520835 16.873
 25     2.103 53102.12006351 22.29 285.224787  10.524145 16.873
 25     1.868 53102.12006416 24.51 285.224047  10.527445 16.873
 26     3.639 53137.12007239 45.86 285.230283  10.526459 21.736
 26     3.763 53137.12007304 50.05 285.229533  10.529769 21.736
 27     4.815 53172.12011942 48.02 285.225334  10.519955 25.209
 27     5.017 53172.12012006 54.00 285.224594  10.523265 25.209
 28     3.929 53207.12013435 51.97 285.225328  10.523797 24.723
 28     3.980 53207.12013499 51.57 285.224588  10.527107 24.723
 29     3.562 53242.12010200 55.29 285.230574  10.525505 28.955
 29     3.624 53242.12010264 51.36 285.229834  10.528815 28.955
 29     3.720 53242.12010329 41.62 285.229084  10.532115 28.955
 30     4.561 53277.12007437 52.16 285.226247  10.523068 27.905
 30     4.537 53277.12007501 49.49 285.225507  10.526368 27.905
 31     5.401 53312.12011038 51.27 285.224864  10.521026 25.869
 31     5.492 53312.12011102 46.29 285.224114  10.524326 25.869
 32     6.378 53347.12007702 46.56 285.228479  10.526320 32.931
 32     6.262 53347.12007766 47.01 285.227739  10.529630 32.931
 33     4.529 53382.12003917 27.36 285.227356  10.524704 30.653
 33     4.593 53382.12003982 31.41 285.226616  10.528004 30.653
 34     3.111 53417.12005616 23.64 285.232917  10.529946 32.326
 34     3.893 53417.12005681 20.53 285.232177  10.533246 32.326
 35     2.421 53452.12005478 49.78 285.227768  10.523148 21.862
 35     2.377 53452.12005543 50.85 285.227018  10.526458 21.862
 35     2.355 53452.12005607 44.13 285.226278  10.529758 21.862
 37     4.708 53522.12013257 52.37 285.228847  10.526835 34.548
 37     4.800 53522.12013321 45.11 285.228107  10.530135 34.548
 38     5.140 53557.12015577 40.73 285.221417  10.517332 30.846
 38     5.074 53557.12015642 45.53 285.220677  10.520642 30.846
 39     4.093 53592.12009473 44.80 285.234113  10.531818 36.399
 39     4.428 53592.12009538 39.97 285.233363  10.535128 36.399
 40     4.079 53627.12008274 49.12 285.220462  10.517926 32.942
 40     4.118 53627.12008338 46.52 285.219722  10.521226 32.942
 41     4.713 53662.12010856 52.41 285.224577  10.521715 30.409
 41     4.644 53662.12010920 52.31 285.223837  10.525015 30.409
 42     5.983 53697.12007500 31.55 285.228067  10.523905 33.477
 42     5.872 53697.12007564 30.83 285.227327  10.527205 33.477
 42     5.995 53697.12007629 45.57 285.226577  10.530515 33.477
 43     6.193 53732.11999849 38.95 285.231513  10.528682 41.033
 43     6.279 53732.11999913 47.79 285.230773  10.531992 41.033
 44     4.341 53767.11997306 33.98 285.232133  10.527296 36.781
 44     4.448 53767.11997371 35.59 285.231383  10.530596 36.781
 44     4.627 53767.11997435 38.42 285.230643  10.533896 36.781
 45     3.415 53802.11997334 22.39 285.231709  10.526660 33.004
 45     3.880 53802.11997398 28.04 285.230969  10.529960 33.004
 45     4.473 53802.11997463 28.47 285.230229  10.533270 33.004
 46     3.912 53837.11998324 27.54 285.226460  10.521484 20.179
 46     3.788 53837.11998388 25.08 285.225720  10.524784 20.179
 46     3.867 53837.11998453 23.20 285.224970  10.528084 20.179
 47     5.281 53872.12003678 50.87 285.227149  10.522658 32.247
 47     5.280 53872.12003742 48.14 285.226409  10.525958 32.247
 47     5.243 53872.12003807 42.47 285.225669  10.529268 32.247
 48     6.227 53907.12007676 50.20 285.223570  10.520811 30.709
 48     6.202 53907.12007741 51.05 285.222830  10.524111 30.709
 49     5.316 53942.12010329 38.64 285.219307  10.515357 22.002
 49     5.205 53942.12010393 32.20 285.218567  10.518657 22.002
 50     4.170 53977.12005804 51.78 285.226135  10.522854 26.851
 50     4.254 53977.12005869 51.23 285.225395  10.526154 26.851
 50     4.294 53977.12005933 47.06 285.224655  10.529464 26.851
 51     4.401 54012.12006386 36.80 285.226965  10.525517 17.447
 51     4.470 54012.12006451 37.92 285.226225  10.528817 17.447
 52     5.239 54047.12007627 50.30 285.232130  10.530784 29.627
 52     5.138 54047.12007691 43.54 285.231380  10.534094 29.627
 54     4.524 54117.11999992 24.71 285.228751  10.525185 30.854
 54     4.721 54117.12000056 26.01 285.228011  10.528485 30.854
 55     1.897 54152.12002005 28.59 285.225968  10.524273 13.579
 55     2.005 54152.12002070 35.67 285.225218  10.527573 13.579
 56     2.131 54187.11999296 34.81 285.228564  10.525539 16.537
 56     2.207 54187.11999360 40.07 285.227814  10.528839 16.537
 57     4.409 54222.12002951 54.04 285.225588  10.523585 24.673
 57     4.364 54222.12003016 52.38 285.224838  10.526885 24.673
 58     6.039 54257.12005239 43.42 285.227239  10.523405 28.573
 58     5.825 54257.12005304 38.07 285.226499  10.526705 28.573
 58     5.699 54257.12005368 38.32 285.225749  10.530005 28.573
 59     6.376 54292.12005454 50.11 285.228627  10.524904 24.876
 59     6.353 54292.12005518 47.54 285.227887  10.528204 24.876
 60     5.262 54327.12005137 51.52 285.228970  10.527710 33.667
 60     5.385 54327.12005201 48.53 285.228230  10.531010 33.667
 61     5.954 54362.12000136 46.06 285.228693  10.526884 32.144
 61     5.912 54362.12000200 43.79 285.227953  10.530194 32.144
 62     5.887 54397.11999101 52.51 285.228251  10.526863 35.298
 62     5.947 54397.11999165 51.62 285.227511  10.530173 35.298
 63     7.258 54432.11995047 47.35 285.230052  10.524875 28.446
 63     6.954 54432.11995112 42.13 285.229312  10.528175 28.446
 63     6.919 54432.11995176 46.21 285.228572  10.531485 28.446
 64     5.893 54467.11997209 29.36 285.228771  10.525136 40.050
 64     5.472 54467.11997274 31.89 285.228031  10.528436 40.050
 65     3.666 54502.11996547 42.07 285.228652  10.526786 30.870
 65     3.697 54502.11996612 45.11 285.227912  10.530086 30.870
 66     4.343 54537.11998732 23.69 285.228966  10.525053 32.266
 66     4.528 54537.11998796 21.72 285.228226  10.528353 32.266
 67     4.013 54572.11996749 23.44 285.228910  10.527220 24.367
 67     3.582 54572.11996813 29.45 285.228160  10.530520 24.367
 68     4.674 54607.11998136 53.28 285.227008  10.524281 22.449
 68     4.571 54607.11998200 52.73 285.226268  10.527581 22.449
 69     5.532 54642.11998969 35.02 285.227515  10.523181 27.997
 69     5.481 54642.11999033 29.11 285.226765  10.526481 27.997
 69     5.352 54642.11999097 37.81 285.226025  10.529791 27.997
 70     6.282 54677.11999176 52.82 285.226412  10.523510 28.836
 70     6.253 54677.11999241 51.50 285.225662  10.526810 28.836
 71     6.281 54712.11994686 50.19 285.229980  10.527240 35.733
 71     6.257 54712.11994750 51.86 285.229240  10.530550 35.733
 72     6.141 54747.11996046 34.64 285.226508  10.524589 37.957
 72     6.035 54747.11996111 35.95 285.225768  10.527889 37.957
 73     6.571 54782.11993186 46.38 285.229163  10.525485 41.926
 73     6.754 54782.11993251 42.18 285.228423  10.528785 41.926
 74     7.420 54817.11995275 33.74 285.227696  10.522904 42.486
 74     6.960 54817.11995340 32.38 285.226946  10.526204 42.486
 74     6.776 54817.11995404 43.17 285.226206  10.529504 42.486
 75     5.312 54852.11993007 25.84 285.228702  10.525522 37.859
 75     5.572 54852.11993072 28.64 285.227962  10.528822 37.859
 76     4.845 54887.11995679 24.49 285.226662  10.521893 33.377
 76     4.801 54887.11995743 23.48 285.225912  10.525193 33.377
 76     4.946 54887.11995807 31.81 285.225172  10.528493 33.377
 77     3.942 54922.11993008 24.68 285.227262  10.524183 25.395
 77     4.464 54922.11993072 24.97 285.226522  10.527493 25.395
 78     4.614 54957.11995383 36.31 285.226030  10.522770 34.828
 78     4.631 54957.11995448 35.34 285.225290  10.526070 34.828
 78     5.409 54957.11995512 29.29 285.224540  10.529380 34.828
 79     4.458 54992.11997627 37.35 285.225533  10.520379 22.581
 79     4.438 54992.11997692 30.67 285.224793  10.523679 22.581
 79     4.530 54992.11997756 27.69 285.224053  10.526979 22.581
 80     4.740 55027.11996756 52.22 285.228078  10.526175 25.288
 80     4.640 55027.11996821 49.79 285.227338  10.529475 25.288
 81     3.912 55062.11996021 53.22 285.228186  10.523484 26.874
 81     3.904 55062.11996085 53.77 285.227436  10.526784 26.874
 81     3.791 55062.11996150 46.88 285.226696  10.530084 26.874
 82     3.897 55097.11990876 51.56 285.228136  10.524770 20.896
 82     3.954 55097.11990941 46.65 285.227396  10.528080 20.896
 84     4.573 55167.11987065 36.38 285.229552  10.525452 29.494
 84     4.561 55167.11987129 36.21 285.228802  10.528762 29.494
 84     4.564 55167.11987194 31.28 285.228062  10.532062 29.494
 85     2.965 55202.11989578 28.34 285.226445  10.524638 16.839
 85     2.672 55202.11989642 25.61 285.225705  10.527938 16.839
 86     1.214 55237.11987732 36.06 285.228227  10.523445 13.480
 86     1.335 55237.11987797 39.38 285.227487  10.526755 13.480
 86     1.281 55237.11987861 27.40 285.226737  10.530055 13.480
 87     2.029 55272.11988915 27.44 285.227849  10.522830 18.541
 87     1.956 55272.11988979 32.40 285.227109  10.526130 18.541
 87     1.743 55272.11989043 24.50 285.226369  10.529430 18.541
 88     2.979 55307.11986006 50.73 285.229597  10.525008 15.998
 88     3.012 55307.11986071 44.29 285.228847  10.528308 15.998
 88     3.055 55307.11986135 36.72 285.228107  10.531618 15.998
 89     4.396 55342.11985983 48.86 285.228352  10.523447 18.967
 89     4.380 55342.11986048 44.80 285.227602  10.526747 18.967
 89     4.300 55342.11986112 40.74 285.226862  10.530047 18.967
 90     5.520 55377.11985346 39.93 285.228233  10.526213 34.420
 90     5.383 55377.11985410 38.45 285.227493  10.529513 34.420
 91     6.536 55412.11987697 52.52 285.227755  10.525089 32.736
 91     6.368 55412.11987761 51.47 285.227015  10.528389 32.736
 92     6.676 55447.11986830 47.82 285.228614  10.524907 36.871
 92     6.706 55447.11986894 49.68 285.227864  10.528207 36.871
 93     7.104 55482.11979918 46.20 285.229731  10.528012 36.306
 93     7.029 55482.11979982 43.20 285.228991  10.531322 36.306
