# NaN NaN NaN ;Mean Elev.(m), Avg Gradient(m/km), RMS Gradient(m/km) - SRTM1     
#   26.555  -0.344   4.410 ;Mean Elev.(m), Avg Gradient(m/km), RMS Gradient(m/km) - ASTER GDEM
#   13.432  -0.324   2.308 ;Mean Elev.(m), Avg Gradient(m/km), RMS Gradient(m/km) - GMTED2010 
  8    13.462 52498.62806594 40.67 285.321951   9.301111 39.045
  8    13.982 52498.62806722 45.24 285.320471   9.294501 39.045
  8    13.587 52498.62806787 48.44 285.319731   9.291191 39.045
  8    13.605 52498.62806851 48.17 285.318991   9.287891 39.045
 10    13.973 52568.62808192 41.76 285.321856   9.295236 36.078
 10    14.052 52568.62808256 39.33 285.321116   9.291926 36.078
 10    13.981 52568.62808321 44.97 285.320376   9.288626 36.078
 11    15.610 52603.62807156 30.12 285.317587   9.301567 42.247
 11    15.680 52603.62807221 32.39 285.316857   9.298267 42.247
 11    15.875 52603.62807285 47.13 285.316117   9.294957 42.247
 11    15.809 52603.62807350 53.90 285.315377   9.291657 42.247
 11    15.890 52603.62807414 46.17 285.314637   9.288347 42.247
 12    14.272 52638.62804772 23.91 285.319752   9.302892 30.947
 12    14.282 52638.62804836 25.83 285.319012   9.299592 30.947
 12    14.373 52638.62804901 34.06 285.318272   9.296282 30.947
 12    14.301 52638.62804965 35.07 285.317532   9.292982 30.947
 12    14.215 52638.62805030 37.24 285.316792   9.289672 30.947
 13    11.156 52673.62804591 44.24 285.320496   9.303938 37.767
 13    11.107 52673.62804655 44.01 285.319756   9.300628 37.767
 13    10.965 52673.62804720 34.76 285.319026   9.297328 37.767
 13    13.407 52673.62804784 30.07 285.318286   9.294018 37.767
 13    13.467 52673.62804849 33.16 285.317546   9.290718 37.767
 13    13.562 52673.62804913 38.03 285.316806   9.287408 37.767
 14    10.986 52708.62805664 35.63 285.321740   9.303342 27.235
 14    10.866 52708.62805728 31.77 285.321000   9.300032 27.235
 14    13.459 52708.62805793 29.60 285.320260   9.296732 27.235
 14    13.074 52708.62805857 30.01 285.319520   9.293422 27.235
 14    13.018 52708.62805922 40.50 285.318780   9.290122 27.235
 15    11.882 52743.62808742 23.55 285.314345   9.299380 14.723
 15    11.951 52743.62808806 25.95 285.313605   9.296080 14.723
 15    11.606 52743.62808871 27.23 285.312865   9.292770 14.723
 15    12.057 52743.62808935 26.98 285.312125   9.289470 14.723
 17    15.473 52813.62810630 35.25 285.319154   9.302914 38.017
 17    15.449 52813.62810695 32.52 285.318414   9.299604 38.017
 17    15.493 52813.62810759 37.32 285.317674   9.296304 38.017
 17    15.518 52813.62810824 49.32 285.316934   9.292994 38.017
 17    15.553 52813.62810888 48.34 285.316194   9.289694 38.017
 18    15.017 52848.62815933 26.63 285.321941   9.304646 35.401
 18    14.949 52848.62815998 27.89 285.321201   9.301336 35.401
 18    15.057 52848.62816062 30.44 285.320461   9.298036 35.401
 18    15.172 52848.62816127 36.74 285.319721   9.294726 35.401
 18    15.211 52848.62816191 38.69 285.318981   9.291426 35.401
 18    15.152 52848.62816256 48.77 285.318241   9.288116 35.401
 19    14.755 52883.62819551 24.55 285.318260   9.303698 25.279
 19    14.673 52883.62819615 23.72 285.317520   9.300388 25.279
 19    14.692 52883.62819680 25.44 285.316780   9.297088 25.279
 19    14.711 52883.62819744 29.41 285.316040   9.293778 25.279
 19    14.755 52883.62819809 32.99 285.315300   9.290478 25.279
 20    15.123 52918.62815177 31.57 285.322343   9.305216 37.393
 20    15.085 52918.62815241 28.05 285.321603   9.301916 37.393
 20    15.143 52918.62815306 31.33 285.320863   9.298606 37.393
 20    15.147 52918.62815370 40.63 285.320123   9.295306 37.393
 20    15.163 52918.62815435 41.79 285.319383   9.291996 37.393
 20    15.134 52918.62815499 42.61 285.318643   9.288696 37.393
 25    14.346 53093.62814517 25.35 285.311970   9.297235 32.104
 25    12.634 53093.62814582 26.30 285.311230   9.293925 32.104
 25    12.767 53093.62814646 32.11 285.310490   9.290625 32.104
 28    14.501 53198.62818248 22.84 285.321969   9.302748 34.995
 28    14.417 53198.62818313 27.96 285.321229   9.299438 34.995
 28    14.478 53198.62818377 41.99 285.320489   9.296138 34.995
 28    14.393 53198.62818442 46.52 285.319749   9.292828 34.995
 28    14.381 53198.62818506 38.93 285.319009   9.289528 34.995
 30    15.276 53268.62812184 24.96 285.320026   9.305601 33.863
 30    14.994 53268.62812249 26.16 285.319286   9.302301 33.863
 30    15.085 53268.62812313 28.20 285.318556   9.298991 33.863
 30    15.186 53268.62812378 39.95 285.317816   9.295691 33.863
 30    15.215 53268.62812442 41.67 285.317076   9.292381 33.863
 30    15.121 53268.62812507 44.65 285.316336   9.289081 33.863
 31    16.218 53303.62818244 33.39 285.312872   9.298285 34.706
 31    16.111 53303.62818308 30.92 285.312132   9.294975 34.706
 31    16.070 53303.62818373 36.53 285.311392   9.291675 34.706
 31    16.125 53303.62818437 35.44 285.310652   9.288365 34.706
 32    17.290 53338.62815058 39.96 285.320428   9.303313 39.745
 32    17.243 53338.62815122 34.31 285.319688   9.300003 39.745
 32    17.266 53338.62815187 34.41 285.318958   9.296703 39.745
 32    17.461 53338.62815251 36.82 285.318218   9.293393 39.745
 32    17.460 53338.62815316 38.91 285.317478   9.290093 39.745
 33    15.968 53373.62808490 44.66 285.321246   9.296158 42.774
 33    16.030 53373.62808555 45.40 285.320506   9.292858 42.774
 33    16.128 53373.62808619 40.25 285.319776   9.289548 42.774
 34    13.845 53408.62812571 40.84 285.322397   9.294148 31.541
 34    13.915 53408.62812636 35.09 285.321657   9.290848 31.541
 34    13.756 53408.62812700 31.85 285.320917   9.287538 31.541
 35    13.182 53443.62810770 31.69 285.321070   9.305494 36.877
 35    13.508 53443.62810835 25.88 285.320330   9.302194 36.877
 35    13.495 53443.62810899 26.88 285.319590   9.298884 36.877
 35    13.561 53443.62810964 33.16 285.318860   9.295584 36.877
 35    13.516 53443.62811028 38.51 285.318120   9.292274 36.877
 35    13.521 53443.62811093 40.31 285.317380   9.288974 36.877
 36    13.979 53478.62818413 24.35 285.315617   9.301059 30.388
 36    13.836 53478.62818477 25.94 285.314877   9.297749 30.388
 36    13.880 53478.62818542 34.48 285.314137   9.294449 30.388
 36    13.965 53478.62818606 46.68 285.313397   9.291139 30.388
 36    13.969 53478.62818671 50.82 285.312657   9.287839 30.388
 37    15.369 53513.62819239 22.89 285.321403   9.304047 34.781
 37    15.353 53513.62819304 24.48 285.320663   9.300737 34.781
 37    15.454 53513.62819368 37.49 285.319923   9.297437 34.781
 37    15.660 53513.62819433 41.36 285.319183   9.294127 34.781
 37    15.552 53513.62819497 39.51 285.318443   9.290827 34.781
 37    15.434 53513.62819562 46.04 285.317703   9.287517 34.781
 38    15.930 53548.62821172 25.84 285.315640   9.301676 31.442
 38    16.022 53548.62821237 29.79 285.314900   9.298366 31.442
 38    16.133 53548.62821301 30.12 285.314160   9.295066 31.442
 38    16.085 53548.62821366 32.11 285.313420   9.291756 31.442
 38    16.045 53548.62821430 39.70 285.312680   9.288456 31.442
 39    14.882 53583.62817685 26.36 285.321926   9.303093 40.563
 39    15.123 53583.62817749 26.59 285.321186   9.299793 40.563
 39    15.196 53583.62817813 43.14 285.320456   9.296483 40.563
 39    15.256 53583.62817878 41.35 285.319716   9.293183 40.563
 39    15.171 53583.62817942 42.42 285.318976   9.289873 40.563
 40    14.786 53618.62813331 31.26 285.317061   9.301829 37.097
 40    14.889 53618.62813395 29.36 285.316321   9.298519 37.097
 40    14.795 53618.62813459 28.55 285.315591   9.295219 37.097
 40    14.794 53618.62813524 33.44 285.314851   9.291909 37.097
 40    14.927 53618.62813588 44.55 285.314111   9.288609 37.097
 41    15.410 53653.62815568 36.87 285.321697   9.304467 39.973
 41    15.118 53653.62815632 28.12 285.320957   9.301167 39.973
 41    15.484 53653.62815696 35.28 285.320217   9.297857 39.973
 41    15.509 53653.62815761 39.70 285.319477   9.294557 39.973
 41    15.440 53653.62815825 41.41 285.318737   9.291247 39.973
 41    15.410 53653.62815890 41.71 285.317997   9.287947 39.973
 42    11.880 53688.62815479 39.62 285.317619   9.301581 39.406
 42    11.856 53688.62815543 35.21 285.316889   9.298271 39.406
 42    11.828 53688.62815608 35.66 285.316149   9.294971 39.406
 42    11.839 53688.62815672 37.39 285.315409   9.291661 39.406
 42    11.852 53688.62815737 43.01 285.314669   9.288361 39.406
 43    17.573 53723.62808094 50.78 285.320855   9.293803 47.811
 43    17.577 53723.62808158 52.69 285.320115   9.290493 47.811
 43    17.572 53723.62808223 48.56 285.319375   9.287193 47.811
 45    14.424 53793.62804083 34.38 285.322831   9.293428 31.788
 45    14.351 53793.62804147 28.28 285.322091   9.290128 31.788
 45    13.908 53793.62804211 37.20 285.321351   9.286818 31.788
 46    14.299 53828.62801302 30.09 285.323619   9.289577 40.555
 46    14.524 53828.62801367 37.49 285.322879   9.286267 40.555
 47    15.166 53863.62809302 33.90 285.319100   9.303576 43.232
 47    15.578 53863.62809366 35.30 285.318360   9.300266 43.232
 47    15.404 53863.62809430 39.90 285.317627   9.296959 45.053
 47    16.069 53863.62809495 47.51 285.316887   9.293659 45.053
 47    16.105 53863.62809559 43.99 285.316147   9.290359 45.053
 48    17.167 53898.62811678 45.94 285.321916   9.303380 48.069
 48    17.194 53898.62811743 46.03 285.321176   9.300070 48.069
 48    17.232 53898.62811807 46.84 285.320436   9.296770 48.069
 48    17.269 53898.62811872 47.92 285.319696   9.293460 48.069
 48    17.306 53898.62811936 40.03 285.318956   9.290160 48.069
 49    16.897 53933.62816419 37.98 285.309846   9.295751 30.258
 49    16.550 53933.62816483 32.74 285.309116   9.292451 30.258
 49    16.422 53933.62816548 31.11 285.308376   9.289141 30.258
 50    16.328 53968.62813528 34.12 285.314911   9.300611 36.155
 50    15.961 53968.62813592 24.84 285.314171   9.297301 36.155
 50    15.566 53968.62813657 24.60 285.313425   9.294004 31.134
 50    15.142 53968.62813721 26.06 285.312685   9.290694 31.134
 50    15.057 53968.62813786 34.75 285.311945   9.287394 31.134
 51    15.677 54003.62810676 44.66 285.322990   9.291992 42.241
 51    15.722 54003.62810741 38.49 285.322250   9.288682 42.241
 52    15.868 54038.62814190 36.28 285.322338   9.291699 43.558
 52    15.864 54038.62814255 36.33 285.321598   9.288399 43.558
 53    17.071 54073.62813577 38.74 285.320726   9.295447 36.486
 53    16.988 54073.62813642 33.94 285.319986   9.292137 36.486
 53    16.991 54073.62813706 34.08 285.319256   9.288837 36.486
 54    16.287 54108.62808052 28.89 285.319618   9.304910 34.517
 54    16.098 54108.62808116 30.03 285.318878   9.301600 34.517
 54    16.095 54108.62808180 29.35 285.318138   9.298300 34.517
 54    16.176 54108.62808245 30.45 285.317398   9.294990 34.517
 54    16.212 54108.62808309 36.91 285.316657   9.291690 33.860
 54    16.226 54108.62808374 44.95 285.315917   9.288380 33.860
 55    12.460 54143.62807071 44.65 285.321763   9.302809 29.778
 55    12.596 54143.62807135 40.32 285.321030   9.299503 40.405
 55    14.115 54143.62807200 44.89 285.320290   9.296203 40.405
 55    14.715 54143.62807264 42.06 285.319550   9.292903 40.405
 55    14.036 54143.62807328 48.76 285.318810   9.289593 40.405
 56    11.808 54178.62806495 38.62 285.319871   9.303302 40.862
 56    11.751 54178.62806560 35.40 285.319131   9.299992 40.862
 56    11.749 54178.62806624 32.17 285.318401   9.296692 40.862
 56    13.426 54178.62806689 36.86 285.317661   9.293382 40.862
 56    13.698 54178.62806753 35.86 285.316921   9.290082 40.862
 57    14.434 54213.62807781 26.84 285.320983   9.303726 38.542
 57    14.653 54213.62807846 28.20 285.320243   9.300416 38.542
 57    14.775 54213.62807910 42.72 285.319503   9.297116 38.542
 57    14.853 54213.62807975 51.37 285.318763   9.293806 38.542
 57    14.957 54213.62808039 45.52 285.318023   9.290506 38.542
 58    16.607 54248.62810551 31.57 285.321784   9.305757 28.360
 58    16.586 54248.62810616 28.60 285.321044   9.302447 28.360
 58    16.592 54248.62810680 28.55 285.320304   9.299147 28.360
 58    16.671 54248.62810745 28.29 285.319564   9.295837 28.360
 58    16.715 54248.62810809 42.51 285.318824   9.292537 28.360
 58    16.834 54248.62810874 38.27 285.318084   9.289227 28.360
 59    17.193 54283.62811476 33.21 285.322331   9.303706 36.852
 59    17.145 54283.62811540 34.25 285.321591   9.300396 36.852
 59    17.116 54283.62811605 33.41 285.320851   9.297096 36.852
 59    17.316 54283.62811669 35.63 285.320111   9.293786 36.852
 59    17.376 54283.62811734 34.84 285.319371   9.290486 36.852
 59    17.468 54283.62811798 36.51 285.318631   9.287176 36.852
 60    15.999 54318.62811399 25.38 285.321292   9.295364 24.903
 60    15.977 54318.62811463 30.26 285.320552   9.292054 24.903
 60    16.225 54318.62811527 35.47 285.319812   9.288754 24.903
 61    16.983 54353.62807623 45.04 285.322204   9.305414 43.353
 61    16.867 54353.62807687 42.57 285.321464   9.302104 43.353
 61    17.027 54353.62807752 41.16 285.320724   9.298804 43.353
 61    17.007 54353.62807816 46.39 285.319984   9.295494 43.353
 61    16.976 54353.62807881 49.35 285.319254   9.292194 43.353
 61    16.947 54353.62807945 50.09 285.318514   9.288884 43.353
 62    16.818 54388.62805432 43.68 285.320825   9.294557 30.767
 62    16.804 54388.62805497 47.31 285.320085   9.291247 30.767
 62    16.657 54388.62805561 44.99 285.319345   9.287947 30.767
 63    17.908 54423.62802659 51.88 285.321275   9.304444 47.734
 63    17.951 54423.62802724 52.35 285.320535   9.301134 47.734
 63    17.981 54423.62802788 49.94 285.319789   9.297836 39.220
 63    18.020 54423.62802853 48.80 285.319049   9.294526 39.220
 63    18.056 54423.62802917 50.94 285.318309   9.291226 39.220
 63    18.090 54423.62802982 51.12 285.317569   9.287916 39.220
 64    17.012 54458.62802932 32.23 285.321131   9.293172 34.424
 64    16.901 54458.62802996 32.73 285.320391   9.289872 34.424
 65    15.372 54493.62803062 24.10 285.322299   9.303991 31.913
 65    15.279 54493.62803127 29.86 285.321559   9.300681 31.913
 65    15.563 54493.62803191 33.26 285.320819   9.297381 31.913
 65    15.261 54493.62803256 42.22 285.320079   9.294071 31.913
 65    15.307 54493.62803320 43.79 285.319339   9.290771 31.913
 65    15.288 54493.62803385 38.57 285.318599   9.287461 31.913
 66    14.930 54528.62804207 29.79 285.321826   9.293054 30.141
 66    14.457 54528.62804272 35.11 285.321086   9.289744 30.141
 67    14.225 54563.62803766 29.44 285.320688   9.303305 28.907
 67    14.270 54563.62803830 31.84 285.319948   9.300005 28.907
 67    14.435 54563.62803895 27.48 285.319218   9.296695 28.907
 67    14.377 54563.62803959 36.96 285.318478   9.293395 28.907
 67    14.286 54563.62804024 43.48 285.317738   9.290085 28.907
 68    15.098 54598.62803497 24.92 285.322228   9.305661 35.277
 68    15.229 54598.62803561 29.10 285.321488   9.302361 35.277
 68    15.572 54598.62803626 38.95 285.320748   9.299051 35.277
 68    15.629 54598.62803690 44.31 285.320008   9.295751 35.277
 68    15.752 54598.62803755 44.04 285.319268   9.292441 35.277
 68    15.853 54598.62803819 52.11 285.318528   9.289141 35.277
 69    16.648 54633.62804850 28.94 285.320577   9.304498 37.777
 69    16.742 54633.62804914 30.03 285.319837   9.301188 37.777
 69    16.843 54633.62804978 34.37 285.319097   9.297888 37.777
 69    16.886 54633.62805043 39.91 285.318357   9.294578 37.777
 69    16.954 54633.62805107 46.38 285.317617   9.291278 37.777
 69    16.920 54633.62805172 48.84 285.316877   9.287968 37.777
 70    17.379 54668.62805331 38.56 285.320591   9.304598 40.265
 70    17.321 54668.62805395 33.18 285.319851   9.301298 40.265
 70    17.545 54668.62805460 36.10 285.319111   9.297988 40.265
 70    17.611 54668.62805524 40.34 285.318371   9.294688 40.265
 70    17.652 54668.62805589 48.31 285.317631   9.291378 40.265
 70    17.598 54668.62805653 41.89 285.316891   9.288078 40.265
 71    17.321 54703.62801950 44.87 285.321004   9.296525 41.639
 71    17.425 54703.62802015 46.95 285.320264   9.293225 41.639
 71    17.523 54703.62802079 45.58 285.319524   9.289915 41.639
 72    17.561 54738.62801644 36.22 285.321568   9.299279 35.045
 72    17.646 54738.62801709 43.90 285.320828   9.295979 35.045
 72    17.644 54738.62801773 40.21 285.320088   9.292669 35.045
 72    17.444 54738.62801838 32.75 285.319348   9.289369 35.045
 73    17.720 54773.62799994 34.57 285.322284   9.302909 37.867
 73    17.793 54773.62800058 35.09 285.321544   9.299609 37.867
 73    17.845 54773.62800123 42.70 285.320804   9.296299 37.867
 73    17.869 54773.62800187 44.53 285.320064   9.292999 37.867
 73    17.955 54773.62800252 43.55 285.319324   9.289689 37.867
 74    18.217 54808.62800850 43.60 285.322301   9.305507 47.563
 74    18.265 54808.62800915 43.76 285.321561   9.302197 47.563
 74    18.308 54808.62800979 44.78 285.320821   9.298897 47.563
 74    18.342 54808.62801044 45.87 285.320081   9.295587 47.563
 74    18.381 54808.62801108 43.34 285.319341   9.292287 47.563
 74    18.412 54808.62801173 45.90 285.318601   9.288977 47.563
 75    16.679 54843.62799736 32.16 285.321487   9.302879 31.505
 75    16.679 54843.62799800 30.59 285.320747   9.299579 31.505
 75    16.979 54843.62799865 31.20 285.320007   9.296269 31.505
 75    17.047 54843.62799929 35.14 285.319267   9.292969 31.505
 75    17.098 54843.62799994 34.90 285.318527   9.289659 31.505
 76    15.786 54878.62801211 25.82 285.320765   9.304729 28.560
 76    15.070 54878.62801276 25.93 285.320025   9.301419 28.560
 76    14.999 54878.62801340 27.16 285.319285   9.298119 28.560
 76    15.166 54878.62801405 31.40 285.318545   9.294809 28.560
 76    15.048 54878.62801469 33.99 285.317805   9.291509 28.560
 76    15.528 54878.62801534 32.52 285.317065   9.288199 28.560
 77    14.227 54913.62800159 39.31 285.318997   9.302839 41.319
 77    14.185 54913.62800224 37.79 285.318257   9.299539 41.319
 77    14.387 54913.62800288 33.43 285.317517   9.296229 41.319
 77    14.491 54913.62800353 33.37 285.316777   9.292929 41.319
 77    14.474 54913.62800417 38.80 285.316037   9.289619 41.319
 78    15.258 54948.62800392 27.27 285.320336   9.302957 33.048
 78    15.350 54948.62800457 29.37 285.319596   9.299657 33.048
 78    15.482 54948.62800521 41.55 285.318856   9.296347 33.048
 78    15.600 54948.62800586 47.25 285.318116   9.293047 33.048
 78    15.672 54948.62800650 45.83 285.317376   9.289737 33.048
 79    15.421 54983.62802927 24.15 285.320314   9.304851 31.822
 79    15.399 54983.62802991 25.03 285.319574   9.301541 31.822
 79    15.600 54983.62803055 29.49 285.318834   9.298241 31.822
 79    15.727 54983.62803120 35.58 285.318094   9.294931 31.822
 79    15.735 54983.62803184 41.39 285.317354   9.291631 31.822
 79    15.746 54983.62803249 42.65 285.316614   9.288321 31.822
 80    15.649 55018.62802688 28.20 285.322161   9.303051 36.703
 80    15.686 55018.62802753 31.92 285.321421   9.299751 36.703
 80    15.740 55018.62802817 45.21 285.320681   9.296441 36.703
 80    15.853 55018.62802881 42.24 285.319941   9.293141 36.703
 80    15.841 55018.62802946 42.42 285.319201   9.289831 36.703
 81    15.008 55053.62802391 34.15 285.320733   9.294790 30.616
 81    14.954 55053.62802456 37.71 285.319993   9.291490 30.616
 81    15.061 55053.62802520 43.27 285.319253   9.288180 30.616
 82    14.404 55088.62798389 29.70 285.320516   9.304825 39.551
 82    14.466 55088.62798453 30.02 285.319776   9.301525 39.551
 82    14.590 55088.62798518 29.63 285.319036   9.298215 39.551
 82    14.708 55088.62798582 44.56 285.318296   9.294915 39.551
 82    14.566 55088.62798647 52.87 285.317556   9.291605 39.551
 82    14.654 55088.62798711 39.65 285.316816   9.288305 39.551
 83    15.224 55123.62796101 33.71 285.321219   9.294822 28.210
 83    15.055 55123.62796166 34.63 285.320479   9.291512 28.210
 83    15.206 55123.62796230 40.64 285.319739   9.288212 28.210
 84    15.581 55158.62794484 24.04 285.320426   9.304527 27.886
 84    15.573 55158.62794549 30.09 285.319686   9.301217 27.886
 84    15.668 55158.62794613 30.69 285.318946   9.297917 27.886
 84    15.677 55158.62794678 33.79 285.318206   9.294607 27.886
 84    15.808 55158.62794742 36.39 285.317466   9.291307 27.886
 84    15.790 55158.62794807 40.64 285.316726   9.287997 27.886
 85    13.819 55193.62794905 23.05 285.321997   9.302897 21.798
 85    14.443 55193.62794969 20.85 285.321257   9.299597 21.798
 85    14.809 55193.62795034 24.42 285.320517   9.296287 21.798
 85    14.574 55193.62795098 32.40 285.319777   9.292987 21.798
 85    13.746 55193.62795163 37.89 285.319037   9.289677 21.798
 86    11.115 55228.62794692 34.20 285.320300   9.304972 31.116
 86    12.203 55228.62794757 26.06 285.319560   9.301672 31.116
 86    10.169 55228.62794821 24.52 285.318820   9.298362 31.116
 86    10.229 55228.62794886 20.71 285.318080   9.295062 31.116
 86    13.787 55228.62794950 22.88 285.317340   9.291752 31.116
 86    12.011 55228.62795014 26.19 285.316600   9.288452 31.116
 87    11.289 55263.62794483 25.30 285.321970   9.301123 26.947
 87    10.937 55263.62794612 30.84 285.320490   9.294513 26.947
 87    11.242 55263.62794676 34.04 285.319750   9.291203 26.947
 87    11.549 55263.62794740 37.99 285.319010   9.287903 26.947
 88    12.664 55298.62792988 29.10 285.321394   9.302749 28.972
 88    12.618 55298.62793052 32.16 285.320654   9.299449 28.972
 88    12.703 55298.62793117 32.64 285.319914   9.296139 28.972
 88    12.817 55298.62793181 33.61 285.319174   9.292839 28.972
 88    12.930 55298.62793246 35.60 285.318434   9.289529 28.972
 89    14.988 55333.62792244 33.32 285.320320   9.303518 34.403
 89    15.030 55333.62792309 29.53 285.319580   9.300218 34.403
 89    15.154 55333.62792373 36.16 285.318840   9.296908 34.403
 89    15.214 55333.62792438 45.90 285.318100   9.293608 34.403
 89    15.204 55333.62792502 44.18 285.317360   9.290298 34.403
 90    16.093 55368.62791381 28.42 285.322477   9.305287 37.105
 90    16.131 55368.62791446 31.72 285.321737   9.301977 37.105
 90    16.336 55368.62791510 46.81 285.320997   9.298677 37.105
 90    16.501 55368.62791575 49.64 285.320257   9.295367 37.105
 90    16.387 55368.62791639 49.85 285.319517   9.292067 37.105
 90    16.433 55368.62791704 46.19 285.318777   9.288757 37.105
 91    17.633 55403.62793125 47.20 285.321278   9.296150 40.612
 91    17.503 55403.62793190 47.10 285.320538   9.292840 40.612
 91    17.559 55403.62793254 47.15 285.319798   9.289540 40.612
 92    17.966 55438.62793364 44.67 285.320958   9.294684 37.148
 92    17.849 55438.62793428 42.56 285.320218   9.291384 37.148
 92    17.832 55438.62793493 39.90 285.319478   9.288074 37.148
 93    18.031 55473.62787973 44.29 285.321791   9.304292 41.715
 93    18.066 55473.62788037 43.57 285.321051   9.300992 41.715
 93    18.106 55473.62788102 46.11 285.320311   9.297682 41.715
 93    18.134 55473.62788166 47.30 285.319571   9.294382 41.715
 93    18.137 55473.62788231 46.67 285.318831   9.291072 41.715
 93    18.136 55473.62788295 54.84 285.318091   9.287772 41.715
