# NaN NaN NaN ;Mean Elev.(m), Avg Gradient(m/km), RMS Gradient(m/km) - SRTM1     
#   26.555  -0.344   4.410 ;Mean Elev.(m), Avg Gradient(m/km), RMS Gradient(m/km) - ASTER GDEM
#   13.432  -0.324   2.308 ;Mean Elev.(m), Avg Gradient(m/km), RMS Gradient(m/km) - GMTED2010 
  8 285.320286   9.293674    13.659    13.596  4 52498.62806739 46.545
 10 285.321116   9.291929    14.002    13.981  3 52568.62808256 42.630
 11 285.316115   9.294957    15.773    15.750  5 52603.62807285 48.341
 12 285.318272   9.296285    14.288    14.291  5 52638.62804901 33.687
 13 285.318652   9.295673    12.277    12.359  6 52673.62804752 40.291
 14 285.320260   9.296732    12.281    12.003  5 52708.62805793 35.633
 15 285.313235   9.294425    11.874    11.917  4 52743.62808839 26.147
 17 285.317674   9.296301    15.497    15.493  5 52813.62810759 45.166
 18 285.320091   9.296381    15.093    15.084  6 52848.62816095 41.743
 19 285.316780   9.297088    14.717    14.692  5 52883.62819680 28.732
 20 285.320493   9.296956    15.132    15.143  6 52918.62815338 39.061
 25 285.311230   9.293928    13.249    12.767  3 53093.62814582 29.022
 28 285.320489   9.296138    14.434    14.441  5 53198.62818377 41.419
 30 285.318182   9.297341    15.146    15.198  6 53268.62812345 39.633
 31 285.311762   9.293325    16.131    16.118  4 53303.62818340 34.555
 32 285.318954   9.296703    17.344    17.375  5 53338.62815187 37.475
 33 285.320509   9.292855    16.042    16.030  3 53373.62808555 43.951
 34 285.321657   9.290845    13.839    13.845  3 53408.62812636 37.506
 35 285.319225   9.297234    13.464    13.501  6 53443.62810931 35.693
 36 285.314137   9.294449    13.926    13.899  5 53478.62818542 45.335
 37 285.319553   9.295782    15.470    15.476  6 53513.62819400 40.599
 38 285.314160   9.295063    16.043    16.053  5 53548.62821301 34.256
 39 285.320452   9.296486    15.126    15.190  5 53583.62817813 40.220
 40 285.315587   9.295219    14.838    14.795  5 53618.62813459 38.278
 41 285.319847   9.296207    15.395    15.429  6 53653.62815729 38.928
 42 285.316147   9.294971    11.851    11.848  5 53688.62815608 39.206
 43 285.320115   9.290496    17.574    17.573  3 53723.62808158 50.995
 45 285.322091   9.290125    14.228    14.351  3 53793.62804147 34.605
 46 285.323249   9.287922    14.411    14.411  2 53828.62801335 35.206
 47 285.317624   9.296962    15.664    15.636  5 53863.62809430 42.880
 48 285.320436   9.296767    17.234    17.232  5 53898.62811807 46.013
 49 285.309113   9.292448    16.623    16.550  3 53933.62816483 34.984
 50 285.313426   9.294002    15.611    15.566  5 53968.62813657 31.182
 51 285.322620   9.290337    15.700    15.700  2 54003.62810709 42.589
 52 285.321968   9.290049    15.866    15.866  2 54038.62814222 36.305
 53 285.319989   9.292140    17.016    16.991  3 54073.62813642 36.204
 54 285.317768   9.296645    16.182    16.163  6 54108.62808213 38.231
 55 285.320290   9.296203    13.584    13.719  5 54143.62807200 45.106
 56 285.318397   9.296692    12.487    12.752  5 54178.62806624 36.253
 57 285.319503   9.297116    14.734    14.749  5 54213.62807910 45.856
 58 285.319934   9.297492    16.668    16.651  6 54248.62810712 36.704
 59 285.320481   9.295441    17.269    17.266  6 54283.62811637 34.802
 60 285.320552   9.292057    16.067    15.999  3 54318.62811463 32.158
 61 285.320358   9.297149    16.968    16.979  6 54353.62807784 46.914
 62 285.320085   9.291250    16.760    16.804  3 54388.62805497 45.592
 63 285.319421   9.296180    18.001    18.000  6 54423.62802821 50.992
 64 285.320761   9.291522    16.957    16.957  2 54458.62802964 32.487
 65 285.320449   9.295726    15.345    15.330  6 54493.62803223 39.306
 66 285.321456   9.291399    14.694    14.694  2 54528.62804239 33.218
 67 285.319214   9.296695    14.319    14.315  5 54563.62803895 37.813
 68 285.320378   9.297401    15.522    15.507  6 54598.62803658 45.718
 69 285.318727   9.296233    16.832    16.848  6 54633.62805011 43.500
 70 285.318741   9.296338    17.518    17.550  6 54668.62805492 42.527
 71 285.320264   9.293222    17.423    17.425  3 54703.62802015 45.887
 72 285.320458   9.294324    17.573    17.602  4 54738.62801741 40.119
 73 285.320804   9.296302    17.837    17.845  5 54773.62800123 41.804
 74 285.320451   9.297242    18.321    18.323  6 54808.62801011 44.670
 75 285.320007   9.296272    16.896    16.868  5 54843.62799865 33.207
 76 285.318915   9.296464    15.266    15.142  6 54878.62801372 30.649
 77 285.317517   9.296232    14.353    14.366  5 54913.62800288 37.243
 78 285.318856   9.296350    15.473    15.482  5 54948.62800521 43.306
 79 285.318464   9.296586    15.605    15.617  6 54983.62803088 37.931
 80 285.320681   9.296444    15.754    15.740  5 55018.62802817 41.437
 81 285.319993   9.291487    15.008    15.008  3 55053.62802456 39.961
 82 285.318666   9.296565    14.565    14.536  6 55088.62798550 45.916
 83 285.320479   9.291515    15.162    15.206  3 55123.62796166 37.493
 84 285.318576   9.296262    15.683    15.686  6 55158.62794645 35.396
 85 285.320517   9.296287    14.278    14.508  5 55193.62795034 32.299
 86 285.318450   9.296712    11.586    11.563  6 55228.62794853 28.287
 87 285.320305   9.293685    11.254    11.266  4 55263.62794628 34.142
 88 285.319914   9.296139    12.747    12.718  5 55298.62793117 33.105
 89 285.318840   9.296911    15.118    15.124  5 55333.62792373 41.599
 90 285.320627   9.297022    16.314    16.277  6 55368.62791543 46.696
 91 285.320538   9.292843    17.565    17.559  3 55403.62793190 47.150
 92 285.320218   9.291381    17.882    17.849  3 55438.62793428 42.796
 93 285.319941   9.296032    18.102    18.102  6 55473.62788134 49.168
