-193296.600   -13.432     0.00    0.00
-192920.658   -13.432     0.00    0.00
-192544.721   -13.300     0.35    0.66
-192168.790   -12.844     1.21    1.35
-191792.865   -12.688     0.41    1.55
-191416.946   -12.511     0.47    1.70
-191041.032   -13.037    -1.40    0.92
-190665.123   -13.353    -0.84    0.36
-190289.221   -13.432    -0.21    0.00
-189913.324   -13.355     0.20    0.48
-189537.432   -13.307     0.13    0.56
-189161.547   -13.221     0.23    0.74
-188785.666   -13.357    -0.36    0.47
-188409.792   -13.432    -0.20    0.00
-188033.923   -13.432     0.00    0.00
-187658.060   -13.432     0.00    0.00
-187282.202   -13.432     0.00    0.00
-186906.350   -13.432     0.00    0.00
-186530.504   -13.432     0.00    0.00
-186154.663   -13.432     0.00    0.00
-185778.828   -13.432     0.00    0.00
-185402.998   -13.432     0.00    0.00
-185027.174   -13.432     0.00    0.00
-184651.356   -13.432     0.00    0.00
-184275.543   -13.432     0.00    0.00
-183899.736   -13.432     0.00    0.00
-183523.934   -13.432     0.00    0.00
-183148.138   -13.432     0.00    0.00
-182772.348   -13.432     0.00    0.00
-182396.563   -13.432     0.00    0.00
-182020.784   -13.432     0.00    0.00
-181645.010   -13.432     0.00    0.00
-181269.242   -12.879     1.47    2.16
-180893.480   -11.945     2.49    3.16
-180517.723   -11.248     1.86    3.68
-180141.972   -10.637     1.63    3.99
-179766.226   -10.432     0.55    4.35
-179390.486   -10.710    -0.74    4.53
-179014.752   -11.351    -1.71    4.06
-178639.023   -10.432     2.45    5.03
-178263.299    -9.648     2.09    5.94
-177887.582    -7.688     5.22    6.27
-177511.869    -6.832     2.28    5.99
-177136.163    -7.757    -2.46    5.68
-176760.462    -7.958    -0.54    5.34
-176384.766    -8.721    -2.03    5.33
-176009.076    -9.663    -2.51    5.33
-175633.392   -10.567    -2.41    4.78
-175257.713   -12.227    -4.42    3.06
-174882.039   -13.124    -2.39    1.36
-174506.372   -13.432    -0.82    0.00
-174130.709   -13.432     0.00    0.00
-173755.053   -13.432     0.00    0.00
-173379.402   -13.432     0.00    0.00
-173003.756   -13.043     1.04    1.64
-172628.116   -10.616     6.46    4.99
-172252.482    -7.300     8.83    6.31
-171876.853    -5.564     4.62    6.01
-171501.229    -3.611     5.20    5.32
-171125.611    -3.314     0.79    4.97
-170749.999    -5.485    -5.78    4.97
-170374.392    -7.756    -6.05    3.70
-169998.791    -9.169    -3.76    1.75
-169623.195   -10.007    -2.23    1.45
-169247.605   -10.405    -1.06    1.14
-168872.020   -10.832    -1.14    1.08
-168496.441   -11.116    -0.76    0.96
-168120.867   -11.047     0.18    1.11
-167745.299   -10.721     0.87    1.52
-167369.736    -9.382     3.57    2.79
-166994.179    -8.195     3.16    2.91
-166618.628    -6.756     3.83    3.00
-166243.082    -6.282     1.26    2.74
-165867.541    -6.729    -1.19    2.57
-165492.006    -6.945    -0.57    2.70
-165116.476    -8.458    -4.03    2.50
-164740.794    -9.405    -2.52    2.59
-164364.168   -10.513    -2.94    1.89
-163987.547   -11.189    -1.79    0.89
-163610.932   -11.150     0.10    0.97
-163234.323   -11.139     0.03    0.98
-162857.719   -11.189    -0.13    0.95
-162481.120   -10.957     0.62    1.41
-162104.527   -10.853     0.28    1.46
-161727.940   -10.643     0.56    1.83
-161351.358   -10.483     0.42    1.85
-160974.781   -10.022     1.23    1.89
-160598.210    -9.586     1.16    2.19
-160221.645    -9.643    -0.15    2.08
-159845.085    -9.682    -0.10    1.93
-159468.531    -9.918    -0.63    1.69
-159091.982    -9.782     0.36    1.41
-158715.438    -8.482     3.45    2.66
-158338.901    -7.216     3.36    2.77
-157962.368    -7.216     0.00    2.54
-157585.841    -7.513    -0.79    2.40
-157209.320    -7.406     0.28    2.38
-156832.804    -7.329     0.20    2.26
-156456.294    -7.511    -0.48    2.07
-156079.789    -6.586     2.46    2.76
-155703.289    -5.564     2.72    2.57
-155326.795    -5.594    -0.08    2.57
-154950.307    -5.232     0.96    2.38
-154573.824    -5.143     0.24    2.18
-154197.347    -5.073     0.18    2.02
-153820.875    -5.221    -0.39    1.99
-153444.408    -5.607    -1.02    2.05
-153067.947    -6.108    -1.33    2.44
-152691.491    -6.017     0.24    2.50
-152315.041    -6.047    -0.08    2.39
-151938.597    -6.043     0.01    2.45
-151562.158    -5.827     0.57    2.80
-151185.724    -5.946    -0.32    2.47
-150809.296    -5.176     2.05    2.30
-150432.873    -4.740     1.16    2.28
-150056.456    -5.135    -1.05    2.48
-149680.044    -4.973     0.43    2.49
-149303.637    -4.702     0.72    2.24
-148927.236    -4.669     0.09    1.85
-148550.841    -3.957     1.89    1.93
-148174.451    -2.973     2.62    1.98
-147798.066    -2.082     2.37    2.23
-147421.687    -1.379     1.87    1.87
-147045.313    -1.201     0.47    1.71
-146668.945    -1.116     0.23    1.58
-146292.582    -1.355    -0.63    1.72
-145916.225    -0.894     1.23    2.09
-145539.873    -0.135     2.02    2.18
-145163.526     0.389     1.39    2.15
-144787.185     0.622     0.62    2.27
-144410.850     0.518    -0.28    2.01
-144034.519     0.618     0.27    1.85
-143658.195     0.846     0.61    1.86
-143281.875     1.000     0.41    1.34
-142905.561     1.568     1.51    1.41
-142529.253     1.953     1.02    1.48
-142152.950     2.643     1.83    1.86
-141776.652     3.514     2.31    1.79
-141400.360     4.068     1.47    1.88
-141024.073     4.722     1.74    1.73
-140647.791     4.779     0.15    1.45
-140271.515     4.726    -0.14    1.87
-139895.245     4.440    -0.76    1.84
-139518.979     3.876    -1.50    1.54
-139142.719     4.015     0.37    1.67
-138766.465     4.293     0.74    1.84
-138390.216     4.594     0.80    2.19
-138013.972     5.031     1.16    2.29
-137637.734     6.118     2.89    2.88
-137261.501     7.457     3.56    3.41
-136885.274     8.919     3.89    3.64
-136509.052    10.109     3.16    3.44
-136132.835    10.337     0.61    3.51
-135756.624    10.517     0.48    3.29
-135380.418    10.700     0.49    3.21
-135004.217    11.465     2.04    3.18
-134628.022    11.805     0.90    3.55
-134251.832    12.054     0.66    3.38
-133875.648    12.843     2.10    3.43
-133499.469    13.379     1.42    3.07
-133123.295    15.081     4.52    3.89
-132747.127    16.568     3.95    4.11
-132370.964    18.968     6.38    4.44
-131994.807    20.379     3.75    3.75
-131618.654    21.617     3.29    4.04
-131242.507    23.183     4.17    4.39
-130866.366    23.818     1.69    4.29
-130490.230    25.384     4.16    4.24
-130114.099    26.406     2.72    3.40
-129737.974    27.183     2.07    3.01
-129361.854    27.209     0.07    2.84
-128985.739    27.082    -0.34    2.50
-128609.630    27.163     0.22    2.72
-128233.526    27.541     1.01    2.76
-127857.427    29.004     3.89    3.52
-127481.334    32.018     8.01    4.06
-127105.246    33.811     4.77    3.69
-126729.163    35.018     3.21    3.00
-126353.086    35.621     1.60    2.63
-125977.014    36.158     1.43    2.52
-125600.947    37.121     2.56    2.97
-125224.886    38.093     2.59    3.16
-124848.830    39.436     3.57    2.69
-124472.779    41.054     4.30    2.70
-124096.734    42.543     3.96    3.17
-123720.694    43.730     3.16    3.24
-123344.659    45.542     4.82    3.44
-122968.630    47.260     4.57    3.90
-122592.606    49.433     5.78    4.52
-122216.587    51.568     5.68    4.50
-121840.574    53.433     4.96    3.69
-121464.566    53.235    -0.53    3.67
-121088.563    52.592    -1.71    3.84
-120712.565    52.244    -0.93    3.25
-120336.573    52.418     0.46    3.83
-119960.586    54.384     5.23    4.38
-119584.605    56.747     6.29    4.70
-119208.629    57.517     2.05    4.30
-118832.658    56.696    -2.18    4.47
-118456.692    54.752    -5.17    4.70
-118080.732    51.978    -7.38    3.63
-117704.777    50.393    -4.22    3.10
-117328.827    49.379    -2.70    2.31
-116952.882    48.343    -2.76    2.07
-116576.943    47.312    -2.74    1.74
-116201.009    46.460    -2.27    1.26
-115825.080    46.136    -0.86    1.57
-115449.157    46.151     0.04    2.09
-115073.239    45.843    -0.82    2.79
-114697.326    46.643     2.13    3.71
-114321.419    46.838     0.52    3.84
-113945.516    46.671    -0.45    3.01
-113569.619    46.410    -0.69    2.67
-113193.728    45.773    -1.69    2.38
-112817.841    45.440    -0.89    1.88
-112441.960    45.594     0.41    1.92
-112066.084    45.183    -1.09    1.23
-111690.213    45.747     1.50    1.54
-111314.348    46.373     1.66    1.78
-110938.488    46.757     1.02    1.76
-110562.633    47.718     2.56    1.90
-110186.783    49.094     3.66    2.78
-109810.939    49.910     2.17    2.72
-109435.100    51.622     4.56    3.14
-109059.266    52.911     3.43    3.04
-108683.437    55.312     6.39    3.54
-108307.614    58.491     8.46    4.97
-107931.796    61.163     7.11    5.11
-107555.983    63.132     5.24    4.43
-107180.175    65.040     5.08    3.82
-106804.373    64.773    -0.71    4.11
-106428.575    62.824    -5.19    5.60
-106052.783    61.622    -3.20    5.18
-105676.997    60.876    -1.99    4.44
-105301.215    61.132     0.68    4.62
-104925.439    60.465    -1.77    4.87
-104549.668    59.082    -3.68    5.17
-104173.902    58.337    -1.98    4.61
-103798.141    58.298    -0.11    4.52
-103422.386    59.799     3.99    4.98
-103046.636    62.015     5.90    4.90
-102670.891    63.787     4.71    4.51
-102295.151    66.465     7.13    5.83
-101919.416    68.015     4.13    6.23
-101543.687    68.726     1.89    6.16
-101167.963    70.312     4.22    5.66
-100792.244    70.207    -0.28    4.96
-100416.530    69.818    -1.04    5.86
-100040.822    69.106    -1.89    5.73
 -99665.118    67.700    -3.74    5.05
 -99289.420    65.368    -6.21    4.88
 -98913.727    65.824     1.21    4.35
 -98538.040    68.465     7.03    6.07
 -98162.357    71.568     8.26    6.52
 -97786.680    74.465     7.71    5.54
 -97411.008    78.331    10.29    6.25
 -97035.341    80.722     6.36    6.99
 -96659.679    83.293     6.84    7.53
 -96284.022    86.768     9.25    7.38
 -95908.371    89.279     6.68    9.33
 -95532.725    91.217     5.16   10.44
 -95157.084    94.042     7.52    9.91
 -94781.448    99.514    14.57    9.36
 -94405.817   103.433    10.43    7.74
 -94030.191   105.943     6.68    5.01
 -93654.571   106.389     1.19    3.99
 -93278.956   105.622    -2.04    4.22
 -92903.346   103.953    -4.44    3.84
 -92527.741   102.910    -2.78    3.40
 -92152.141   101.093    -4.84    3.14
 -91776.547    99.357    -4.62    3.05
 -91400.957    97.696    -4.42    2.66
 -91025.373    96.779    -2.44    2.26
 -90649.794    97.030     0.67    3.42
 -90274.220    97.968     2.50    4.11
 -89898.651    99.262     3.45    3.83
 -89522.635    99.352     0.24    3.36
 -89146.050    98.352    -2.66    3.43
 -88769.471    97.109    -3.30    4.10
 -88392.897    95.055    -5.45    4.17
 -88016.328    93.318    -4.61    3.65
 -87639.764    91.943    -3.65    3.25
 -87263.206    91.121    -2.18    3.39
 -86886.653    90.217    -2.40    3.41
 -86510.104    89.055    -3.08    2.86
 -86133.561    88.436    -1.64    2.37
 -85757.023    87.901    -1.42    2.03
 -85380.491    87.465    -1.16    1.87
 -85003.963    87.393    -0.19    2.14
 -84627.441    87.357    -0.09    2.02
 -84250.924    87.158    -0.53    2.31
 -83874.411    87.643     1.29    2.82
 -83497.904    87.985     0.91    3.28
 -83121.403    88.190     0.54    3.37
 -82744.906    89.673     3.94    3.42
 -82368.414    89.489    -0.49    3.20
 -81991.928    88.619    -2.31    2.15
 -81615.447    87.992    -1.67    2.31
 -81238.971    86.876    -2.97    2.28
 -80862.500    86.542    -0.89    2.15
 -80486.034    87.000     1.22    2.38
 -80109.573    89.440     6.48    3.93
 -79733.118    91.352     5.08    3.42
 -79356.667    92.799     3.84    3.51
 -78980.222    93.030     0.61    4.15
 -78603.782    92.312    -1.91    4.68
 -78227.346    90.910    -3.72    4.09
 -77850.916    89.824    -2.88    3.75
 -77474.492    89.414    -1.09    3.33
 -77098.072    88.401    -2.69    4.21
 -76721.657    87.440    -2.55    4.90
 -76345.248    87.784     0.92    5.22
 -75968.843    86.389    -3.71    5.26
 -75592.444    87.158     2.04    5.15
 -75216.050    87.774     1.64    4.73
 -74839.661    86.700    -2.85    4.31
 -74463.277    86.757     0.15    4.68
 -74086.898    87.279     1.39    4.81
 -73710.524    87.568     0.77    4.67
 -73334.155    88.109     1.44    4.44
 -72957.792    89.592     3.94    5.08
 -72581.433    88.978    -1.63    4.97
 -72205.080    88.068    -2.42    5.79
 -71828.731    87.055    -2.69    6.01
 -71452.388    87.722     1.77    6.77
 -71076.050    89.876     5.72    8.29
 -70699.717    91.384     4.01    7.88
 -70323.389    91.953     1.51    7.71
 -69947.066    91.730    -0.59    6.99
 -69570.748    93.594     4.95    6.96
 -69194.435    95.243     4.38    7.07
 -68818.127    95.346     0.27    6.18
 -68441.825    94.163    -3.14    6.23
 -68065.527    90.000   -11.06    7.28
 -67689.235    86.379    -9.62    7.59
 -67312.947    83.622    -7.33    6.11
 -66936.665    82.929    -1.84    6.49
 -66560.387    83.568     1.70    6.93
 -66184.115    84.465     2.39    6.75
 -65807.848    82.676    -4.76    5.57
 -65431.586    81.568    -2.95    4.92
 -65055.329    83.252     4.48    5.58
 -64679.077    85.243     5.29    6.44
 -64302.830    85.779     1.42    6.57
 -63926.588    83.055    -7.24    7.65
 -63550.351    78.436   -12.28    6.21
 -63174.119    76.055    -6.33    5.51
 -62797.892    74.468    -4.22    4.63
 -62421.670    73.012    -3.87    3.33
 -62045.454    74.649     4.35    4.37
 -61669.242    78.865    11.21    6.63
 -61293.035    82.271     9.05    6.09
 -60916.833    82.978     1.88    5.45
 -60540.637    80.768    -5.88    5.93
 -60164.445    77.793    -7.91    5.09
 -59788.259    76.978    -2.17    4.79
 -59412.077    76.514    -1.23    4.98
 -59035.901    74.901    -4.29    5.00
 -58659.729    72.622    -6.06    5.59
 -58283.563    70.209    -6.41    4.78
 -57907.401    69.055    -3.07    4.24
 -57531.245    70.850     4.77    5.38
 -57155.093    72.015     3.10    5.27
 -56778.947    71.183    -2.21    5.56
 -56402.805    68.666    -6.69    5.17
 -56026.669    66.651    -5.36    4.27
 -55650.538    69.773     8.30    6.05
 -55274.411    74.094    11.49    7.65
 -54898.290    78.594    11.96    5.63
 -54522.173    80.055     3.88    4.71
 -54146.062    79.689    -0.97    5.22
 -53769.956    75.389   -11.44    6.86
 -53393.854    71.235   -11.04    6.38
 -53017.758    68.433    -7.45    6.01
 -52641.666    68.389    -0.12    6.87
 -52265.580    70.811     6.44    8.41
 -51889.498    71.440     1.67    8.31
 -51513.422    71.132    -0.82    7.91
 -51137.351    68.824    -6.14    8.63
 -50761.284    65.542    -8.73    7.96
 -50385.222    61.747   -10.09    6.34
 -50009.166    59.286    -6.55    5.10
 -49633.114    57.512    -4.72    4.80
 -49257.068    56.978    -1.42    5.05
 -48881.026    56.730    -0.66    5.65
 -48504.989    56.363    -0.98    6.22
 -48128.958    56.414     0.14    5.78
 -47752.931    54.744    -4.44    6.45
 -47376.909    53.673    -2.85    6.87
 -47000.892    51.489    -5.81    5.86
 -46624.881    49.936    -4.13    4.14
 -46248.874    49.260    -1.80    3.87
 -45872.872    48.514    -1.99    3.80
 -45496.875    47.983    -1.41    5.42
 -45120.883    46.773    -3.22    5.61
 -44744.896    44.568    -5.86    3.90
 -44368.913    44.696     0.34    4.55
 -43992.936    45.055     0.95    5.60
 -43616.964    45.363     0.82    6.02
 -43240.997    46.596     3.28    6.34
 -42865.034    47.824     3.27    6.37
 -42489.077    48.514     1.83    5.62
 -42113.124    48.696     0.48    5.33
 -41737.177    49.618     2.45    5.48
 -41361.234    51.225     4.28    5.76
 -40985.297    53.541     6.16    5.94
 -40609.364    55.082     4.10    5.51
 -40233.436    54.357    -1.93    5.62
 -39857.513    51.773    -6.87    5.26
 -39481.595    50.540    -3.28    4.77
 -39105.682    50.519    -0.06    5.51
 -38729.774    52.158     4.36    6.62
 -38353.871    54.784     6.99    6.66
 -37977.972    56.645     4.95    6.84
 -37602.079    57.594     2.53    6.61
 -37226.191    59.793     5.85    6.55
 -36850.307    61.054     3.36    6.68
 -36474.428    59.799    -3.34    6.89
 -36098.555    59.676    -0.33    6.78
 -35722.686    57.363    -6.15    8.06
 -35346.822    53.593   -10.03   10.93
 -34970.963    50.235    -8.94   11.91
 -34595.109    45.622   -12.27   12.60
 -34219.259    40.379   -13.95    9.22
 -33843.415    37.595    -7.41    9.88
 -33467.575    33.824   -10.03    8.56
 -33091.741    32.929    -2.38    7.51
 -32715.911    29.747    -8.47    7.62
 -32340.086    27.260    -6.62    6.99
 -31964.266    25.054    -5.87    5.42
 -31588.451    22.953    -5.59    5.15
 -31212.641    22.055    -2.39    4.69
 -30836.836    23.235     3.14    4.78
 -30461.036    24.226     2.64    5.74
 -30085.240    26.018     4.77    5.18
 -29709.449    28.068     5.46    5.48
 -29333.664    30.373     6.13    7.25
 -28957.883    33.747     8.98    8.19
 -28582.107    36.957     8.54    8.45
 -28206.336    40.568     9.61    9.97
 -27830.569    44.784    11.22   11.20
 -27454.808    46.517     4.61   10.57
 -27079.051    51.158    12.35   12.68
 -26703.300    55.027    10.30   13.55
 -26327.553    59.209    11.13   12.41
 -25951.811    62.515     8.80   10.96
 -25576.074    64.000     3.95    9.38
 -25200.341    63.243    -2.02    9.23
 -24824.614    59.989    -8.66   10.39
 -24448.891    54.465   -14.70   10.46
 -24073.173    49.568   -13.03    7.75
 -23697.461    46.743    -7.52    6.37
 -23321.752    43.217    -9.39    6.23
 -22946.049    39.275   -10.49    7.03
 -22570.351    34.363   -13.08    8.32
 -22194.657    28.865   -14.63    6.86
 -21818.969    24.244   -12.30    5.45
 -21443.285    20.487   -10.00    2.44
 -21067.606    19.440    -2.79    1.94
 -20691.931    19.235    -0.55    2.64
 -20316.262    19.068    -0.44    3.26
 -19940.597    18.463    -1.61    4.09
 -19564.938    16.874    -4.23    4.45
 -19189.283    14.279    -6.91    3.22
 -18813.633    12.918    -3.62    3.53
 -18437.987    12.622    -0.79    4.29
 -18062.347    11.465    -3.08    4.87
 -17686.711    10.042    -3.79    5.08
 -17311.080     8.183    -4.95    3.69
 -16935.454     6.298    -5.02    3.30
 -16559.833     4.918    -3.67    3.40
 -16184.217     3.406    -4.03    3.18
 -15808.605     1.676    -4.61    1.73
 -15432.998     1.136    -1.44    1.04
 -15057.396     0.624    -1.36    0.23
 -14681.799     0.568    -0.15    0.00
 -14305.493     1.389     2.18    2.27
 -13928.943     2.244     2.27    2.78
 -13552.399     3.673     3.80    3.19
 -13175.859     4.790     2.97    3.53
 -12799.325     4.747    -0.11    3.19
 -12422.795     4.519    -0.61    2.89
 -12046.270     4.298    -0.59    2.89
 -11669.749     3.722    -1.53    2.94
 -11293.234     2.594    -2.99    2.50
 -10916.723     1.936    -1.75    2.52
 -10540.217     2.082     0.39    2.38
 -10163.716     2.443     0.96    2.19
  -9787.220     2.325    -0.31    2.56
  -9410.728     2.226    -0.26    2.47
  -9034.242     1.953    -0.73    2.41
  -8657.760     1.676    -0.73    2.22
  -8281.283     1.106    -1.51    1.82
  -7904.810     1.158     0.14    1.87
  -7528.343     1.027    -0.35    1.69
  -7151.880     1.190     0.43    1.64
  -6775.422     1.082    -0.29    1.89
  -6398.969     1.081    -0.00    1.80
  -6022.521     1.446     0.97    1.78
  -5646.077     1.352    -0.25    1.70
  -5269.638     0.918    -1.15    1.51
  -4893.204     1.015     0.26    1.52
  -4516.775     1.015     0.00    1.50
  -4140.350     1.331     0.84    1.63
  -3763.931     1.850     1.38    1.78
  -3387.516     2.132     0.75    2.11
  -3011.106     2.054    -0.21    2.61
  -2634.700     2.243     0.50    2.71
  -2258.299     2.226    -0.05    2.76
  -1881.903     2.793     1.51    2.97
  -1505.512     2.918     0.33    2.99
  -1129.126     3.151     0.62    3.17
   -752.744     2.244    -2.41    3.50
   -376.367     1.457    -2.09    3.43
      0.005     0.747    -1.88    3.20
    376.372    -0.132    -2.34    2.70
    752.735    -0.783    -1.73    1.72
   1129.093    -0.157     1.66    2.37
   1505.446     1.030     3.15    2.95
   1881.794     1.910     2.34    2.86
   2258.138     1.989     0.21    2.50
   2634.477     1.594    -1.05    2.37
   3010.811     0.799    -2.11    1.98
   3387.141    -0.116    -2.43    1.93
   3763.465    -0.007     0.29    2.27
   4139.785    -0.756    -1.99    2.55
   4516.101    -1.582    -2.19    2.52
   4892.411    -2.201    -1.65    2.38
   5268.717    -2.837    -1.69    1.67
   5645.018    -2.729     0.29    1.98
   6021.315    -2.837    -0.29    1.76
   6397.606    -2.714     0.33    2.00
   6773.893    -2.765    -0.14    2.12
   7150.176    -3.027    -0.69    1.76
   7526.453    -2.791     0.63    1.80
   7902.726    -2.353     1.16    2.10
   8278.994    -1.513     2.23    2.54
   8655.257    -0.278     3.28    2.72
   9031.516     0.491     2.04    2.67
   9407.770     1.183     1.84    2.27
   9784.019     1.805     1.65    1.68
  10160.264     1.668    -0.36    1.81
  10536.504     1.541    -0.34    1.62
  10912.739     1.275    -0.71    1.97
  11288.970     0.850    -1.13    2.46
  11665.195     0.651    -0.53    2.36
  12041.416    -0.135    -2.09    2.82
  12417.633    -0.729    -1.58    3.14
  12793.845    -0.894    -0.44    3.18
  13170.052    -0.868     0.07    3.15
  13546.254    -0.154     1.90    3.14
  13922.452     0.517     1.78    2.67
  14298.645     0.463    -0.14    2.41
  14674.833    -0.810    -3.38    2.60
  15051.017    -2.057    -3.31    2.31
  15427.196    -2.864    -2.15    2.19
  15803.370    -3.201    -0.90    1.93
  16179.540    -3.406    -0.54    1.76
  16555.705    -3.278     0.34    2.07
  16931.865    -2.648     1.67    2.45
  17308.021    -2.798    -0.40    2.38
  17684.172    -2.853    -0.15    2.37
  18060.318    -2.821     0.09    2.28
  18436.460    -2.669     0.40    2.17
  18812.597    -2.081     1.56    2.18
  19188.729    -1.406     1.79    2.22
  19564.857    -0.432     2.59    2.08
  19940.980     0.197     1.67    1.78
  20317.098     0.541     0.92    1.54
  20693.212     0.865     0.86    1.08
  21069.321     0.730    -0.36    1.32
  21445.426     0.168    -1.49    1.65
  21821.525    -0.189    -0.95    2.05
  22197.621    -0.607    -1.11    2.60
  22573.711    -1.586    -2.60    2.49
  22949.797    -2.381    -2.11    1.97
  23325.878    -2.189     0.51    2.25
  23701.955    -2.355    -0.44    2.02
  24078.027    -2.643    -0.76    1.76
  24454.094    -2.432     0.56    2.66
  24830.157    -2.663    -0.61    2.18
  25206.215    -2.710    -0.13    1.85
  25582.269    -2.996    -0.76    1.45
  25958.318    -2.945     0.14    1.45
  26334.362    -3.015    -0.19    1.05
  26710.402    -2.891     0.33    1.22
  27086.437    -2.540     0.93    1.65
  27462.467    -2.511     0.08    1.75
  27838.493    -2.532    -0.06    1.77
  28214.514    -2.243     0.77    1.82
  28590.531    -2.107     0.36    1.86
  28966.543    -1.817     0.77    1.97
  29342.550    -1.853    -0.10    2.00
  29718.553    -1.906    -0.14    2.04
  30094.551    -1.868     0.10    3.14
  30470.545    -1.970    -0.27    3.20
  30846.534    -1.543     1.14    3.44
  31222.518    -1.432     0.30    3.36
  31598.498    -2.162    -1.94    2.38
  31974.473    -2.057     0.28    2.33
  32350.444    -1.560     1.32    3.97
  32726.410    -0.710     2.26    4.00
  33102.371    -0.783    -0.20    2.23
  33478.328    -0.783     0.00    2.11
  33854.281    -0.868    -0.22    2.07
  34230.228    -1.007    -0.37    2.09
  34606.171    -0.621     1.03    2.32
  34982.110    -0.182     1.17    2.22
  35358.044     0.158     0.90    2.55
  35733.973    -0.564    -1.92    3.05
  36109.898    -0.327     0.63    3.13
  36485.818    -0.483    -0.42    3.20
  36861.734    -0.176     0.82    3.86
  37237.645    -0.189    -0.04    3.11
  37613.552    -0.257    -0.18    2.99
  37989.454    -0.108     0.40    3.11
  38365.351    -0.332    -0.60    2.34
  38741.244    -0.232     0.27    2.54
  39117.133    -0.376    -0.38    2.50
  39493.016    -0.513    -0.36    2.34
  39868.896    -0.932    -1.11    2.25
  40244.770    -1.124    -0.51    2.00
  40620.640    -1.282    -0.42    1.70
  40996.506    -0.729     1.47    2.20
  41372.367    -0.482     0.66    2.44
  41748.224    -0.485    -0.01    2.82
  42124.076    -0.406     0.21    2.91
  42499.923    -0.169     0.63    2.83
  42875.766     0.158     0.87    2.76
  43251.604     0.673     1.37    2.39
  43627.438     0.463    -0.56    2.24
  44003.267     0.893     1.14    2.40
  44379.092     0.892    -0.00    2.26
  44754.912     1.518     1.66    2.42
  45130.728     0.568    -2.53    2.64
  45506.539    -0.738    -3.47    3.12
  45882.346    -1.540    -2.14    3.05
  46258.148    -1.988    -1.19    3.05
  46633.946    -2.157    -0.45    2.99
  47009.739    -1.807     0.93    2.90
  47385.527    -1.643     0.44    2.67
  47761.311    -1.932    -0.77    2.63
  48137.091    -1.248     1.82    2.83
  48512.866    -0.611     1.69    2.68
  48888.637    -0.355     0.68    2.93
  49264.403     0.515     2.32    2.86
  49640.164     0.410    -0.28    2.51
  50015.921     0.465     0.15    2.58
  50391.674     0.093    -0.99    2.43
  50767.422    -0.756    -2.26    2.08
  51143.165    -1.182    -1.13    1.75
  51518.905    -1.432    -0.67    1.73
  51894.639    -1.189     0.65    1.55
  52270.369    -0.567     1.65    1.83
  52646.095     0.235     2.13    2.27
  53021.816     0.081    -0.41    2.45
  53397.532    -0.257    -0.90    2.57
  53773.245    -0.567    -0.83    1.86
  54148.952    -0.022     1.45    2.63
  54524.655     0.207     0.61    3.01
  54900.354    -0.483    -1.84    3.22
  55276.048    -1.663    -3.14    2.92
  55651.738    -1.748    -0.23    3.19
  56027.423    -1.064     1.82    3.40
  56403.104    -0.355     1.89    3.31
  56778.781    -0.188     0.44    2.62
  57154.452    -0.973    -2.09    2.98
  57530.120    -2.073    -2.93    2.81
  57905.783    -2.221    -0.40    2.97
  58281.441    -2.675    -1.21    2.85
  58657.095    -2.513     0.43    2.91
  59032.745    -2.032     1.28    3.03
  59408.390    -1.560     1.26    2.92
  59784.031    -1.586    -0.07    2.74
  60159.667    -0.654     2.48    2.81
  60535.341     0.824     3.94    2.88
  60911.859     2.012     3.16    2.51
  61288.372     2.747     1.95    2.36
  61664.881     2.850     0.27    3.41
  62041.385     2.594    -0.68    3.63
  62417.884     2.132    -1.23    3.31
  62794.380     1.568    -1.50    3.07
  63170.870     0.812    -2.01    2.14
  63547.357     0.730    -0.22    2.44
  63923.839     0.468    -0.70    3.02
  64300.316     0.936     1.24    3.17
  64676.789     1.190     0.67    3.34
  65053.258     1.649     1.22    3.34
  65429.722     2.333     1.82    3.19
  65806.181     3.209     2.33    2.96
  66182.637     3.312     0.27    2.95
  66559.087     3.000    -0.83    2.77
  66935.534     2.173    -2.20    2.51
  67311.975     2.429     0.68    2.36
  67688.413     2.094    -0.89    2.36
  68064.846     2.055    -0.10    2.26
  68441.274     2.163     0.29    2.17
  68817.699     1.876    -0.76    2.26
  69194.118     2.279     1.07    2.22
  69570.534     2.722     1.18    2.32
  69946.944     3.109     1.03    2.50
  70323.351     3.018    -0.24    2.87
  70699.753     3.054     0.10    3.00
  71076.150     2.865    -0.50    3.25
  71452.544     2.676    -0.50    3.50
  71828.932     2.790     0.30    2.73
  72205.317     3.722     2.48    2.81
  72581.697     4.337     1.63    2.58
  72958.072     4.811     1.26    2.70
  73334.443     5.082     0.72    3.01
  73710.810     4.433    -1.72    3.55
  74087.172     4.094    -0.90    3.53
  74463.530     3.693    -1.07    3.34
  74839.884     3.541    -0.40    3.23
  75216.233     2.747    -2.11    2.63
  75592.577     2.489    -0.69    1.95
  75968.918     3.226     1.96    2.44
  76345.254     3.487     0.69    2.59
  76721.585     3.793     0.81    2.87
  77097.912     4.384     1.57    2.52
  77474.235     4.325    -0.16    2.47
  77850.553     4.200    -0.33    2.45
  78226.867     3.651    -1.46    2.72
  78603.177     3.671     0.05    2.75
  78979.482     3.927     0.68    2.64
  79355.783     4.217     0.77    2.96
  79732.079     4.406     0.50    2.41
  80108.371     4.649     0.65    2.14
  80484.659     4.414    -0.62    2.31
  80860.943     4.007    -1.08    2.03
  81237.221     4.190     0.49    2.03
  81613.496     4.618     1.14    2.19
  81989.766     4.779     0.43    2.40
  82366.032     4.410    -0.98    2.40
  82742.294     4.673     0.70    2.64
  83118.551     4.491    -0.48    2.52
  83494.804     5.463     2.58    2.68
  83871.052     5.651     0.50    2.59
  84247.296     6.081     1.14    2.77
  84623.536     6.271     0.50    2.85
  84999.771     6.209    -0.16    2.63
  85376.002     5.158    -2.79    3.21
  85752.229     4.374    -2.08    3.13
  86128.451     3.865    -1.35    2.79
  86504.669     4.352     1.29    2.99
  86880.883     5.004     1.73    3.03
  87257.092     5.493     1.30    3.00
  87633.297     5.730     0.63    2.56
  88009.498     5.218    -1.36    2.49
  88385.694     4.491    -1.93    2.12
  88761.886     4.515     0.06    1.89
  89138.074     4.647     0.35    2.03
  89514.257     5.619     2.58    1.95
  89890.436     5.645     0.07    2.16
  90266.611     5.784     0.37    1.87
  90642.781     5.696    -0.23    1.96
  91018.947     5.433    -0.70    1.92
  91395.109     5.418    -0.04    2.06
  91771.266     5.218    -0.53    2.21
  92147.419     5.262     0.12    2.51
  92523.568     5.460     0.52    1.98
  92899.712     5.811     0.93    1.99
  93275.852     6.517     1.88    2.38
  93651.988     6.618     0.27    2.76
  94028.120     6.730     0.30    3.00
  94404.247     6.243    -1.30    3.02
  94780.370     5.286    -2.54    2.94
  95156.488     5.700     1.10    3.26
  95532.603     5.831     0.35    3.11
  95908.713     6.337     1.35    3.59
  96284.818     6.363     0.07    3.21
  96660.920     7.015     1.73    3.41
  97037.017     6.718    -0.79    2.89
  97413.110     6.831     0.30    2.65
  97789.198     6.668    -0.43    2.66
  98165.283     6.618    -0.13    2.42
  98541.363     7.012     1.05    2.92
  98917.438     7.325     0.83    2.94
  99293.510     7.109    -0.57    2.59
  99669.577     7.647     1.43    2.59
 100045.640     7.747     0.27    2.54
 100421.698     7.946     0.53    2.50
 100797.753     7.818    -0.34    2.16
 101173.803     7.384    -1.15    2.38
 101549.848     7.541     0.42    2.42
 101925.890     7.645     0.28    2.81
 102301.927     8.671     2.73    2.26
 102677.960     8.978     0.82    2.64
 103053.989     9.200     0.59    2.78
 103430.013     9.068    -0.35    2.95
 103806.033     8.752    -0.84    2.75
 104182.049     8.543    -0.56    2.50
 104558.061     8.440    -0.27    2.52
 104934.068     9.346     2.41    2.79
 105310.072     9.460     0.30    3.40
 105686.071     9.730     0.72    4.34
 106062.065     9.647    -0.22    4.48
 106438.056     9.183    -1.23    4.06
 106814.042     9.163    -0.06    3.80
 107190.024     8.799    -0.97    3.14
 107566.001     8.015    -2.08    2.96
 107941.975     8.000    -0.04    3.01
 108317.944     7.619    -1.01    3.22
 108693.909     7.312    -0.82    2.63
 109069.870     8.594     3.41    3.94
 109445.826     8.831     0.63    4.62
 109821.779    10.418     4.22    5.11
 110197.727    10.541     0.33    5.07
 110573.671    10.031    -1.36    3.91
 110949.610     9.978    -0.14    3.19
 111325.546     9.235    -1.98    2.33
 111701.477     9.163    -0.19    2.43
 112077.404     9.379     0.58    2.25
 112453.327     8.901    -1.27    2.24
 112829.245     8.799    -0.27    2.24
 113205.160     8.985     0.49    2.17
 113581.070     8.414    -1.52    1.97
 113956.976     9.068     1.74    2.19
 114332.877    10.027     2.55    2.30
 114708.775    10.542     1.37    2.55
 115084.668    10.722     0.48    2.11
 115460.557    10.183    -1.43    2.29
 115836.442     9.805    -1.01    2.31
 116212.323     9.468    -0.90    2.20
 116588.199     9.460    -0.02    2.48
 116964.072     9.666     0.55    2.71
 117339.940    10.286     1.65    3.08
 117715.804    10.676     1.04    3.26
 118091.663    10.406    -0.72    3.38
 118467.519     9.730    -1.80    2.98
 118843.370     9.517    -0.57    2.55
 119219.217     9.337    -0.48    2.40
 119595.060     9.595     0.69    2.28
 119970.899     9.158    -1.16    2.41
 120346.734     9.515     0.95    2.75
 120722.564    11.000     3.95    3.98
 121098.391    12.093     2.91    4.04
 121474.213    13.703     4.28    3.54
 121850.031    14.042     0.90    3.97
 122225.845    13.831    -0.56    4.48
 122601.654    12.968    -2.30    4.37
 122977.460    14.838     4.98    6.08
 123353.261    15.958     2.98    5.77
 123729.058    16.209     0.67    5.69
 124104.851    18.271     5.49    6.08
 124480.640    19.082     2.16    6.08
 124856.425    20.433     3.60    5.17
 125232.205    21.978     4.11    4.70
 125607.981    23.337     3.62    5.25
 125983.754    23.846     1.35    5.07
 126359.522    23.015    -2.21    5.03
 126735.286    22.163    -2.27    3.59
 127111.045    22.831     1.78    4.88
 127486.801    24.018     3.16    5.43
 127862.552    23.946    -0.19    5.04
 128238.300    23.831    -0.31    4.76
 128614.043    24.463     1.68    4.74
 128989.782    24.818     0.95    4.75
 129365.517    25.136     0.85    4.67
 129741.248    25.318     0.49    4.02
 130116.975    25.722     1.07    3.20
 130492.697    26.703     2.61    3.45
 130868.416    29.325     6.98    4.05
 131244.130    30.784     3.88    3.68
 131619.840    34.645    10.28    7.42
 131995.546    38.799    11.06    9.09
 132371.248    40.818     5.37    8.94
 132746.946    40.357    -1.23    9.17
 133122.640    36.485   -10.31    7.56
 133498.329    35.015    -3.91    6.29
 133874.015    35.209     0.52    8.35
 134249.696    37.946     7.29   10.76
 134625.373    40.337     6.36   10.94
 135001.046    38.647    -4.50    9.95
 135376.715    37.465    -3.14    7.70
 135752.675    36.379    -2.89    5.09
 136129.158    36.493     0.30    4.41
 136505.637    36.857     0.97    4.99
 136882.112    38.703     4.90    5.61
 137258.583    39.784     2.87    6.49
 137635.050    40.512     1.93    6.41
 138011.513    40.773     0.69    6.10
 138387.972    40.619    -0.41    6.22
 138764.426    41.040     1.12    6.21
 139140.877    39.700    -3.56    4.57
 139517.323    38.151    -4.11    4.72
 139893.765    37.147    -2.67    6.01
 140270.203    39.268     5.63    9.26
 140646.637    39.054    -0.57   10.70
 141023.067    37.286    -4.70   10.58
 141399.493    34.015    -8.69   10.70
 141775.915    30.209   -10.11    7.83
 142152.333    27.622    -6.87    4.10
 142528.746    26.218    -3.73    2.68
 142905.156    26.200    -0.05    2.54
 143281.561    26.163    -0.10    2.54
 143657.963    25.568    -1.58    2.59
 144034.360    24.271    -3.45    2.09
 144410.753    24.132    -0.37    1.94
 144787.142    23.773    -0.95    1.47
 145163.527    23.874     0.27    1.58
 145539.908    23.676    -0.52    1.45
 145916.285    24.703     2.73    2.89
 146292.658    25.838     3.02    3.75
 146669.027    27.893     5.46    5.11
 147045.391    29.730     4.88    7.18
 147421.752    28.465    -3.36    6.67
 147798.108    27.568    -2.38    6.29
 148174.461    25.594    -5.25    3.60
 148550.809    25.676     0.22    3.50
 148927.154    26.696     2.71    4.55
 149303.494    28.252     4.13    6.28
 149679.830    28.735     1.28    6.40
 150056.163    31.094     6.27    7.36
 150432.491    38.929    20.82   11.91
 150808.815    42.671     9.94   10.59
 151185.135    46.876    11.17   10.39
 151561.451    49.797     7.76   10.28
 151937.763    50.000     0.54    8.12
 152314.071    50.271     0.72    8.45
 152690.375    48.121    -5.71    7.79
 153066.675    44.893    -8.58    6.52
 153442.970    44.298    -1.58    6.18
 153819.262    45.943     4.37    7.50
 154195.550    48.824     7.66    8.22
 154571.834    52.055     8.59    8.61
 154948.113    55.379     8.83    9.41
 155324.389    56.389     2.68    8.98
 155700.661    54.773    -4.29    7.03
 156076.928    55.207     1.15    6.84
 156453.192    53.876    -3.54    5.98
 156829.452    52.818    -2.81    6.15
 157205.707    50.594    -5.91    5.67
 157581.959    49.773    -2.18    5.57
 157958.206    48.597    -3.13    5.44
 158334.450    48.514    -0.22    5.76
 158710.689    48.831     0.84    5.48
 159086.925    50.147     3.50    6.34
 159463.156    51.993     4.91    6.52
 159839.384    52.374     1.01    6.42
 160215.608    51.592    -2.08    6.81
 160591.827    49.235    -6.27    5.94
 160968.043    45.568    -9.75    6.68
 161344.254    43.568    -5.32    6.08
 161720.462    41.568    -5.32    5.52
 162096.665    40.799    -2.04    6.07
 162472.865    43.540     7.29    6.57
 162849.060    42.235    -3.47    6.40
 163225.252    41.346    -2.36    6.05
 163601.439    41.671     0.86    5.40
 163977.623    41.901     0.61    4.92
 164353.803    42.539     1.70    5.61
 164729.978    43.406     2.30    5.90
 165106.150    42.406    -2.66    5.91
 165482.318    41.384    -2.72    5.31
 165858.481    41.779     1.05    6.24
 166234.641    43.346     4.17    7.21
 166610.797    50.983    20.30   13.62
 166986.949    58.414    19.76   14.06
 167363.096    62.515    10.90   12.34
 167739.240    64.286     4.71    8.89
 168115.380    64.989     1.87    7.76
 168491.516    62.722    -6.03    6.22
 168867.648    64.568     4.91    8.96
 169243.776    62.927    -4.36    9.00
 169619.900    66.096     8.42    9.66
 169996.020    68.747     7.05    9.36
 170372.136    68.260    -1.30    8.40
 170748.248    66.254    -5.33    9.26
 171124.357    61.838   -11.74   10.99
 171500.461    57.406   -11.78   11.60
 171876.561    52.542   -12.93    9.03
 172252.658    49.410    -8.33    5.62
 172628.750    47.676    -4.61    4.87
 173004.839    49.470     4.77    7.93
 173380.923    53.312    10.21   11.33
 173757.004    57.811    11.96   13.08
 174133.081    66.594    23.35   15.94
 174509.154    72.568    15.89   16.10
 174885.222    78.055    14.59   13.10
 175261.287    78.514     1.22   16.61
 175637.348    78.671     0.42   17.77
 176013.405    75.298    -8.97   18.19
 176389.459    72.696    -6.92   17.47
 176765.508    71.718    -2.60   15.31
 177141.553    71.656    -0.16   12.95
 177517.595    77.027    14.28   13.89
 177893.632    83.676    17.68   13.73
 178269.666    85.279     4.26   13.21
 178645.695    84.190    -2.90   12.01
 179021.721    83.487    -1.87   11.63
 179397.743    82.243    -3.31   12.94
 179773.761    82.183    -0.16   14.66
 180149.775    83.217     2.75   14.49
 180525.785    85.260     5.43   13.56
 180901.791    82.515    -7.30   12.32
 181277.793    83.722     3.21   11.74
 181653.792    84.568     2.25   11.34
 182029.786    83.158    -3.75   12.84
 182405.777    82.082    -2.86   11.51
 182781.764    80.440    -4.37   10.17
 183157.746    78.493    -5.18    7.41
 183533.725    79.124     1.68    7.77
 183909.700    80.487     3.63    9.95
 184285.672    82.622     5.68   10.73
 184661.639    84.541     5.10   11.79
 185037.602    87.973     9.13   12.52
 185413.562    93.225    13.97   12.25
 185789.518   102.218    23.92   13.26
 186165.469   108.235    16.00   13.09
 186541.417   115.973    20.58   13.01
 186917.361   114.183    -4.76   15.86
 187293.301   112.673    -4.02   15.85
 187669.238   110.517    -5.74   15.26
 188045.170   106.594   -10.43   11.65
 188421.099   108.799     5.86   11.62
 188797.023   105.325    -9.24    7.73
 189172.944   101.542   -10.06    8.76
 189548.861    98.768    -7.38    9.58
 189924.774    98.040    -1.94    8.39
 190300.683   100.298     6.01    8.53
 190676.589   101.352     2.80    7.37
 191052.490    98.865    -6.61    9.45
 191428.388    92.946   -15.75   10.09
 191804.282    89.168   -10.05    8.46
 192180.172    86.693    -6.58    7.53
 192556.058    88.824     5.67   12.76
 192931.940    95.487    17.72   16.43
 193307.819   104.312    23.48   17.72
 193683.694   112.673    22.24   17.58
 194059.564   119.363    17.80   22.44
 194435.431   127.331    21.20   24.64
 194811.294   135.235    21.03   21.98
 195187.154   139.622    11.67   17.04
 195563.009   135.414   -11.19   17.58
 195938.861   127.268   -21.67   20.03
 196314.709   125.540    -4.60   23.16
 196690.553   124.541    -2.66   24.51
 197066.393   128.892    11.58   27.28
 197442.229   141.460    33.44   29.81
 197818.061   151.622    27.04   30.60
 198193.890   159.818    21.81   32.44
 198569.715   180.043    53.81   39.70
 198945.536   198.260    48.47   39.90
 199321.353   217.595    51.44   23.12
 199697.167   230.876    35.34   20.61
 200072.976   235.226    11.57   29.81
 200448.782   245.491    27.31   39.53
 200824.584   260.752    40.61   41.98
 201200.382   272.312    30.76   41.21
 201576.177   288.514    43.11   37.80
 201951.967   295.747    19.25   39.64
 202327.754   310.993    40.57   43.48
 202703.537   333.318    59.41   47.22
 203079.316   355.892    60.07   50.22
 203455.092   383.919    74.58   29.33
 203830.863   396.406    33.23   19.86
 204206.631   399.857     9.19   19.94
 204582.395   402.985     8.32   20.00
 204958.156   412.893    26.37   23.34
 205333.912   424.132    29.91   24.95
 205709.665   434.568    27.77   26.46
 206085.414   446.773    32.48   19.54
 206461.159   454.147    19.62   15.81
 206836.900   455.414     3.37   15.66
 207212.638   445.000   -27.71   26.45
 207588.372   428.158   -44.82   33.95
 207964.102   409.217   -50.41   34.99
 208339.828   389.209   -53.25   39.19
 208715.550   366.993   -59.13   40.08
 209091.269   367.625     1.68   47.53
 209466.984   391.541    63.65   66.31
 209842.695   438.757   125.66   73.95
 210218.403   489.595   135.30   49.33
 210594.107   519.200    78.79   22.24
 210970.312   528.485    24.68   17.98
 211346.760   537.324    23.48   15.90
 211723.204   544.337    18.63   11.94
 212099.645   552.676    22.15   13.77
 212476.081   562.671    26.55   15.90
 212852.514   565.726     8.12   17.86
 213228.943   561.722   -10.64   21.87
 213605.369   561.015    -1.88   30.03
 213981.790   572.260    29.87   35.78
 214358.208   591.298    50.57   40.99
 214734.623   605.619    38.05   35.57
 215111.033   605.743     0.33   35.11
 215487.440   570.790   -92.85   76.11
 215863.842   501.811  -183.25  122.05
 216240.242   403.892  -260.13  125.25
 216616.637   360.649  -114.88   89.39
 216993.029   381.136    54.43  122.46
 217369.417   449.739   182.26  141.23
 217745.801   481.818    85.22  132.66
 218122.181   485.106     8.74  134.81
 218498.558   442.217  -113.95  124.41
 218874.931   419.389   -60.65  100.52
 219251.300   430.673    29.98  106.40
 219627.666   493.357   166.54  119.67
 220004.027   568.963   200.87  101.51
 220380.385   641.747   193.38   83.95
 220756.740   696.838   146.37   65.94
 221133.090   731.121    91.09   60.26
 221509.437   750.693    52.00   70.36
 221885.780   775.311    65.41   69.95
 222262.120   774.379    -2.48   69.32
 222638.455   758.433   -42.37   88.96
 223014.787   761.109     7.11   92.74
 223391.116   758.892    -5.89   89.92
 223767.440   760.096     3.20   96.20
 224143.761   770.868    28.62   98.78
 224520.078   752.542   -48.70  101.72
 224896.392   758.136    14.86   85.12
 225272.701   782.901    65.81   74.72
 225649.007   809.700    71.21   71.74
 226025.310   854.121   118.04   60.27
 226401.608   885.542    83.50   51.54
 226777.903   908.055    59.83   40.42
 227154.195   927.838    52.57   32.04
 227530.482   937.910    26.76   29.28
 227906.766   946.768    23.54   25.32
 228283.046   959.368    33.48   25.08
 228659.323   969.305    26.41   27.75
 229035.596   977.541    21.89   25.58
 229411.865   986.595    24.06   25.90
 229788.130   990.676    10.85   28.60
 230164.392  1001.901    29.83   35.14
 230540.650  1021.143    51.14   41.17
 230916.904  1046.824    68.25   40.06
 231293.155  1068.514    57.64   40.02
 231669.402  1093.414    66.18   40.78
 232045.645  1109.410    42.51   39.73
 232421.885  1117.594    21.75   48.96
 232798.121  1120.357     7.34   61.84
 233174.354  1115.081   -14.02   77.18
 233550.582  1119.000    10.42   81.17
 233926.807  1127.594    22.84   89.71
 234303.029  1151.968    64.78   87.42
 234679.246  1182.985    82.44   69.56
 235055.461  1190.389    19.68   63.87
 235431.671  1200.622    27.20   64.70
 235807.878  1213.325    33.76   62.13
 236184.081  1233.919    54.74   63.14
 236560.280  1240.596    17.75   61.48
 236936.476  1243.893     8.76   48.95
 237312.668  1218.643   -67.12   58.46
 237688.857  1178.649  -106.31   87.61
 238065.042  1104.824  -196.23  108.81
 238441.223  1057.514  -125.76   91.98
 238817.401  1043.850   -36.32   95.38
 239193.574  1087.132   115.05  131.93
 239569.745  1131.671   118.39  149.85
 239945.911  1186.730   146.36  141.98
 240322.075  1224.235    99.70  124.57
 240698.234  1241.343    45.48  116.66
 241074.390  1261.703    54.12  107.61
 241450.542  1263.696     5.30   95.60
 241826.691  1276.568    34.22   75.87
 242202.835  1288.514    31.76   69.43
 242578.977  1298.406    26.30   68.09
 242955.114  1306.339    21.09   68.46
 243331.249  1305.343    -2.65   82.78
 243707.379  1317.243    31.64   88.73
 244083.506  1321.027    10.06   81.70
 244459.629  1324.030     7.98   79.79
 244835.749  1326.568     6.75   98.80
 245211.865  1275.158  -136.68  113.84
 245587.977  1245.568   -78.67  101.24
 245964.086  1265.252    52.33  112.11
 246340.191  1294.649    78.16  123.45
 246716.293  1358.850   170.69  102.49
 247092.391  1406.218   125.94   76.70
 247468.485  1439.406    88.24   71.79
 247844.576  1468.693    77.87   63.52
 248220.663  1490.779    58.72   53.81
 248596.747  1509.487    49.74   47.45
 248972.827  1532.109    60.15   38.00
 249348.903  1540.651    22.71   30.95
 249724.976  1529.743   -29.00   32.61
 250101.045  1512.843   -44.94   35.32
 250477.111  1497.703   -40.26   28.81
 250853.173  1479.943   -47.22   26.85
 251229.232  1463.515   -43.68   26.70
 251605.286  1452.901   -28.22   24.62
 251981.338  1445.389   -19.98   20.24
 252357.386  1436.094   -24.71   39.01
 252733.430  1388.252  -127.22  102.88
 253109.471  1337.773  -134.23  126.63
 253485.508  1269.068  -182.70  133.01
 253861.541  1190.460  -209.03  118.25
 254237.571  1140.068  -134.00   92.59
 254613.597  1120.042   -53.25   86.42
 254989.620  1104.487   -41.36   93.66
 255365.640  1092.892   -30.83   99.70
 255741.655  1069.679   -61.73   95.60
 256117.667  1033.722   -95.62   81.20
 256493.676  1025.718   -21.28   70.17
 256869.681  1040.325    38.84   80.25
 257245.682  1059.643    51.37   86.61
 257621.680  1113.015   141.94   90.88
 257997.675  1177.927   172.63  100.29
 258373.666  1235.055   151.93  103.83
 258749.653  1290.200   146.66   86.49
 259125.637  1347.305   151.87   86.71
 259501.617  1407.337   159.66   96.73
 259877.594  1484.543   205.33   97.02
 260253.567  1545.654   162.53   74.79
 260629.536  1570.568    66.26   54.57
