-286759.408  1272.784     0.00   56.67
-286383.188  1288.051    40.58   68.32
-286006.964  1299.125    29.43   79.80
-285630.735  1361.867   166.75   87.58
-285254.502  1415.025   141.28   92.68
-284878.266  1492.435   205.73  118.63
-284502.025  1580.803   234.85   93.21
-284125.780  1615.403    91.96   63.72
-283749.532  1606.349   -24.06   68.73
-283373.279  1557.674  -129.36   78.14
-282997.022  1490.692  -178.01   78.99
-282620.761  1436.739  -143.38   79.55
-282244.496  1379.743  -151.47   75.15
-281868.226  1326.499  -141.49   66.50
-281491.953  1272.219  -144.24   71.65
-281115.676  1231.922  -107.09   66.90
-280739.394  1207.241   -65.59   46.67
-280363.109  1225.230    47.80   59.17
-279986.819  1262.384    98.73   66.01
-279610.526  1298.950    97.17   59.54
-279234.228  1321.446    59.78   53.03
-278857.926  1330.076    22.93   60.21
-278481.620  1316.384   -36.38   66.07
-278105.310  1295.108   -56.53   66.10
-277728.996  1275.511   -52.07   56.43
-277352.678  1275.841     0.87   58.54
-276976.355  1306.709    82.02   70.17
-276600.029  1350.717   116.93   76.06
-276223.698  1419.813   183.59   83.31
-275847.364  1505.650   228.07  104.95
-275471.025  1584.657   209.92   93.68
-275094.682  1635.917   136.20   61.30
-274718.335  1634.922    -2.64   64.95
-274341.984  1593.295  -110.60   85.88
-273965.629  1523.769  -184.72   92.07
-273589.269  1448.230  -200.69   80.73
-273212.906  1375.640  -192.86   98.91
-272836.538  1295.499  -212.92   93.21
-272460.167  1240.512  -146.08   79.69
-272083.791  1218.425   -58.68   78.23
-271707.411  1220.136     4.55   95.06
-271331.027  1232.051    31.65   95.20
-270954.639  1270.709   102.70   76.23
-270578.247  1303.972    88.37   63.51
-270201.850  1319.538    41.35   66.33
-269825.450  1350.463    82.15   65.33
-269449.045  1382.204    84.32   76.73
-269072.636  1398.230    42.57   81.77
-268696.223  1439.971   110.88   77.32
-268319.806  1469.128    77.45   68.26
-267943.385  1472.701     9.49   56.49
-267566.959  1454.589   -48.11   62.36
-267190.530  1432.999   -57.35   52.77
-266814.096  1428.971   -10.70   44.93
-266437.658  1460.946    84.93   66.05
-266061.216  1490.846    79.42   75.60
-265684.770  1492.358     4.02   84.86
-265308.319  1457.268   -93.21  113.84
-264931.865  1413.179  -117.11  116.89
-264555.406  1393.647   -51.88   85.01
-264178.943  1388.128   -14.66   77.21
-263802.477  1389.367     3.29   79.98
-263426.005  1372.119   -45.81   81.65
-263049.530  1314.204  -153.82   87.17
-262673.051  1228.314  -228.12  107.44
-262296.567  1148.566  -211.81  107.67
-261920.079  1067.846  -214.39   95.99
-261543.587   999.136  -182.49   85.82
-261167.215   941.393  -153.41  114.12
-260791.547   872.717  -182.80  112.96
-260415.875   807.971  -172.34   82.78
-260040.200   783.025   -66.40   74.18
-259664.520   772.230   -28.73   91.15
-259288.835   747.640   -65.45   94.97
-258913.147   708.052  -105.37   87.72
-258537.455   655.128  -140.86   71.35
-258161.758   619.322   -95.30   45.20
-257786.057   625.461    16.34   50.19
-257410.352   658.025    86.67   71.81
-257034.643   711.212   141.55   67.68
-256658.930   775.640   171.47   86.50
-256283.212   867.683   244.96  122.66
-255907.490   943.890   202.81  107.62
-255531.764   982.051   101.56   72.21
-255156.034   971.331   -28.53   88.08
-254780.300   897.358  -196.86  123.97
-254404.562   791.128  -282.70  120.55
-254028.819   689.762  -269.75  109.59
-253653.072   588.076  -270.60  103.39
-253277.321   497.999  -239.71   98.68
-252901.566   419.358  -209.27   88.94
-252525.806   364.295  -146.53   52.39
-252150.043   359.128   -13.75   43.21
-251774.275   382.917    63.30   59.54
-251398.503   434.615   137.57   82.03
-251022.727   487.743   141.37   81.84
-250646.946   538.744   135.71   67.74
-250271.161   567.640    76.89   60.52
-249895.372   576.620    23.89   60.04
-249519.579   598.499    58.22   76.54
-249143.782   620.974    59.80   90.14
-248767.980   639.581    49.51   92.68
-248392.175   665.750    69.63   80.88
-248016.365   659.897   -15.57   69.85
-247640.550   637.104   -60.64   60.19
-247264.732   629.051   -21.43   54.94
-246888.909   645.974    45.02   77.90
-246513.082   696.897   135.49  103.16
-246137.251   746.782   132.72   83.54
-245761.416   756.025    24.59   70.64
-245385.576   726.809   -77.73   77.43
-245009.733   662.204  -171.88   93.22
-244633.885   577.666  -224.91  100.50
-244258.032   482.172  -254.05  103.09
-243882.176   395.893  -229.54  108.05
-243506.315   336.214  -158.77   83.12
-243130.450   304.341   -84.79   79.08
-242754.581   274.814   -78.55   89.94
-242378.707   257.376   -46.39   95.66
-242002.829   218.123  -104.42   70.63
-241626.947   203.974   -37.64   64.74
-241251.061   196.157   -20.80   69.58
-240875.170   211.563    40.98   81.95
-240499.276   189.487   -58.73   74.74
-240123.376   174.922   -38.74   56.99
-239747.473   161.998   -34.38   42.75
-239371.566   154.204   -20.73   44.19
-238995.654   128.164   -69.27   47.92
-238619.738   106.179   -58.48   42.06
-238243.817    83.475   -60.39   32.39
-237867.892    71.466   -31.94   19.54
-237491.964    63.620   -20.87   15.04
-237116.030    55.890   -20.56    7.48
-236740.093    52.183    -9.86    6.21
-236364.151    47.566   -12.28    3.91
-235988.205    47.295    -0.72    8.70
-235612.255    61.366    37.43   31.71
-235236.300    69.256    20.98   34.76
-234860.341    80.972    31.16   46.65
-234484.378    87.615    17.67   51.90
-234108.410    84.025    -9.55   61.39
-233732.439    65.589   -49.03   60.27
-233356.463    39.841   -68.48   38.57
-232980.482    24.769   -40.08    8.71
-232604.498    20.809   -10.53    3.49
-232228.509    19.563    -3.31    3.55
-231852.515    21.150     4.22   12.58
-231476.518    22.275     2.99   17.99
-231100.516    26.593    11.48   25.25
-230724.510    28.457     4.96   28.02
-230348.499    29.484     2.73   28.56
-229972.484    29.971     1.29   28.47
-229596.465    25.053   -13.08   23.38
-229220.442    19.800   -13.97   18.87
-228844.414    13.922   -15.63    6.34
-228468.382    16.728     7.46   12.15
-228092.346    31.256    38.63   35.72
-227716.305    44.709    35.77   48.15
-227340.260    51.281    17.48   46.45
-226964.211    52.841     4.15   48.11
-226588.157    47.717   -13.62   49.37
-226212.099    33.511   -37.77   37.68
-225836.037    21.461   -32.04   22.06
-225459.970    13.700   -20.64    3.22
-225083.899    13.025    -1.79    3.36
-224707.824    13.539     1.37    6.05
-224331.744    13.566     0.07    7.00
-223955.660    13.566     0.00    6.63
-223579.572    19.341    15.36   22.52
-223203.479    28.825    25.22   36.95
-222827.382    31.650     7.51   38.54
-222451.280    27.999    -9.71   34.66
-222075.175    19.403   -22.85   24.09
-221699.065    12.563   -18.18    2.33
-221322.950    12.867     0.81    2.71
-220946.831    18.820    15.83   14.42
-220570.708    26.341    19.99   24.01
-220194.581    25.281    -2.82   23.78
-219818.449    23.214    -5.50   21.28
-219442.313    14.025   -24.43    7.33
-219066.172    10.725    -8.77    3.11
-218690.027    10.969     0.65    8.80
-218313.878    12.944     5.25   12.92
-217937.724    15.133     5.82   13.47
-217561.566    14.511    -1.65    9.51
-217185.404    15.128     1.64    6.68
-216809.237    15.625     1.32    6.43
-216433.066    15.025    -1.59    6.13
-216056.890    13.657    -3.64    2.43
-215680.710    13.566    -0.24    1.85
-215304.526    13.897     0.88    1.76
-214928.337    14.157     0.69    1.60
-214552.144    14.025    -0.35    1.64
-214175.946    13.512    -1.36    1.52
-213799.744    13.512     0.00    1.86
-213423.538    13.183    -0.88    2.01
-213047.327    13.281     0.26    2.04
-212671.112    12.875    -1.08    2.09
-212294.893    12.331    -1.45    2.40
-211918.669    10.701    -4.33    3.29
-211542.441     8.620    -5.53    2.87
-211166.208     7.106    -4.02    1.92
-210789.971     6.384    -1.92    1.01
-210413.730     6.196    -0.50    0.62
-210037.484     6.225     0.08    0.65
-209661.233     6.461     0.63    1.33
-209284.979     6.581     0.32    1.54
-208908.720     7.102     1.39    1.88
-208532.456     7.349     0.66    2.08
-208156.188     7.794     1.18    2.62
-207779.916     8.128     0.89    2.64
-207403.639     7.717    -1.09    2.60
-207027.358     7.314    -1.07    2.54
-206651.072     6.897    -1.11    1.91
-206274.782     6.708    -0.50    1.92
-205898.487     6.836     0.34    1.88
-205522.189     6.640    -0.52    1.70
-205145.885     6.209    -1.15    0.69
-204769.577     6.052    -0.42    0.16
-204393.265     6.102     0.13    0.27
-204016.948     7.025     2.45    2.17
-203640.627     8.769     4.63    3.63
-203264.302     9.794     2.73    3.44
-202887.972    10.322     1.40    2.43
-202511.637    11.025     1.87    1.59
-202135.298    11.079     0.14    1.73
-201758.955    11.538     1.22    2.09
-201382.607    11.640     0.27    2.67
-201006.255    11.593    -0.13    3.02
-200629.898    11.410    -0.49    3.42
-200253.537    11.974     1.50    3.50
-199877.172    12.384     1.09    3.41
-199500.801    13.214     2.21    2.97
-199124.427    13.435     0.59    2.36
-198748.048    13.457     0.06    1.56
-198371.664    14.102     1.71    1.68
-197995.277    14.104     0.01    2.06
-197618.884    14.213     0.29    2.46
-197242.487    14.281     0.18    2.64
-196866.086    14.078    -0.54    2.76
-196489.680    13.782    -0.79    2.36
-196113.270    14.025     0.65    1.99
-195736.855    14.025     0.00    1.88
-195360.436    13.630    -1.05    2.07
-194984.012    13.281    -0.93    2.17
-194607.584    12.511    -2.05    2.34
-194231.151    11.640    -2.31    2.37
-193854.714    11.256    -1.02    2.41
-193478.272    11.281     0.07    2.39
-193101.826    10.971    -0.82    2.26
-192725.375    10.102    -2.31    2.30
-192348.920     8.998    -2.93    1.76
-191972.460     8.262    -1.96    0.79
-191595.996     8.128    -0.36    0.64
-191219.527     8.419     0.77    1.69
-190843.054     8.461     0.11    1.67
-190466.577     8.657     0.52    1.91
-190090.094     8.620    -0.10    1.85
-189713.608     8.484    -0.36    1.22
-189337.116     8.247    -0.63    0.48
-188960.621     8.128    -0.32    0.31
-188584.120     8.025    -0.27    0.00
-188207.616     8.025     0.00    0.00
-187831.106     8.025     0.00    0.00
-187454.593     8.078     0.14    0.32
-187078.074     9.333     3.33    2.92
-186701.551    10.358     2.72    3.07
-186325.024    11.487     3.00    2.98
-185948.878    12.349     2.29    2.35
-185573.247    12.314    -0.09    1.66
-185197.611    12.589     0.73    1.80
-184821.971    12.971     1.02    1.65
-184446.327    12.769    -0.54    1.93
-184070.677    12.472    -0.79    2.04
-183695.024    12.025    -1.19    2.19
-183319.366    10.782    -3.31    3.08
-182943.703     9.414    -3.64    2.99
-182568.036     8.333    -2.88    2.20
-182192.364     7.952    -1.01    1.15
-181816.688     8.104     0.40    1.19
-181441.007     8.300     0.52    1.38
-181065.322     8.499     0.53    1.47
-180689.632     8.461    -0.10    1.50
-180313.938     8.589     0.34    1.67
-179938.239     8.102    -1.30    1.48
-179562.536     7.836    -0.71    1.35
-179186.828     7.709    -0.34    1.42
-178811.115     7.750     0.11    1.57
-178435.398     7.886     0.36    1.78
-178059.677     7.563    -0.86    1.45
-177683.951     7.133    -1.15    0.66
-177308.220     7.025    -0.29    0.00
-176932.485     7.025     0.00    0.00
-176556.745     7.025     0.00    0.00
-176181.001     7.025     0.00    0.00
-175805.252     7.025     0.00    0.00
-175429.499     7.025     0.00    0.00
-175053.741     7.025     0.00    0.00
-174677.978     7.025     0.00    0.00
-174302.211     7.025     0.00    0.00
-173926.439     7.025     0.00    0.00
-173550.663     7.256     0.61    0.90
-173174.882     8.268     2.69    2.25
-172799.097     9.204     2.49    2.53
-172423.307    10.500     3.45    2.46
-172047.513    11.196     1.85    1.77
-171671.713    10.890    -0.82    1.96
-171295.910    10.268    -1.65    1.95
-170920.102     9.566    -1.87    2.09
-170544.289     8.998    -1.51    2.83
-170168.471     8.581    -1.11    2.74
-169792.649     8.725     0.38    2.95
-169416.823     8.897     0.46    2.87
-169040.992    10.052     3.07    2.37
-168665.156    10.922     2.32    1.74
-168289.315    11.472     1.46    1.35
-167913.470    11.717     0.65    1.51
-167537.621    11.972     0.68    1.25
-167161.767    11.333    -1.70    1.89
-166785.908    11.288    -0.12    1.80
-166410.045    11.179    -0.29    1.99
-166034.177    11.075    -0.28    2.01
-165658.304    10.692    -1.02    1.87
-165282.427    10.187    -1.34    3.41
-164906.545    10.403     0.58    3.41
-164530.659    10.457     0.14    3.45
-164154.768    10.341    -0.31    3.44
-163778.872    10.711     0.98    1.89
-163402.972    11.000     0.77    1.82
-163027.067    11.051     0.13    1.60
-162651.158    10.647    -1.07    1.66
-162275.244    10.102    -1.45    1.64
-161899.325     9.593    -1.35    1.74
-161523.402     9.410    -0.49    1.70
-161147.474     9.076    -0.89    1.54
-160771.541     8.897    -0.48    1.51
-160395.604     8.551    -0.92    1.08
-160019.662     8.230    -0.85    0.70
-159643.715     8.200    -0.08    0.84
-159267.764     8.719     1.38    1.35
-158891.809     9.295     1.53    1.61
-158515.848    10.051     2.01    1.79
-158139.883    10.630     1.54    1.67
-157763.913    10.384    -0.66    1.93
-157387.939    10.510     0.33    2.37
-157011.960    10.461    -0.13    2.22
-156635.976    10.435    -0.07    2.04
-156259.988    10.863     1.14    1.83
-155883.995    11.384     1.39    1.61
-155507.998    11.998     1.63    1.72
-155131.995    11.999     0.00    1.60
-154755.988    11.974    -0.07    2.11
-154379.977    11.589    -1.02    2.16
-154003.961    11.051    -1.43    2.31
-153627.940    10.256    -2.12    2.45
-153251.914     9.256    -2.66    3.48
-152875.884     8.803    -1.20    3.18
-152499.849     8.666    -0.36    3.19
-152123.809     8.430    -0.63    3.44
-151747.765     8.288    -0.38    2.54
-151371.716     6.974    -3.50    2.67
-150995.662     6.275    -1.86    2.70
-150619.604     5.615    -1.76    1.98
-150243.541     5.743     0.34    1.99
-149867.473     6.620     2.33    2.22
-149491.401     8.051     3.81    2.41
-149115.324     8.755     1.87    2.02
-148739.242     8.769     0.04    1.74
-148363.156     8.692    -0.20    1.77
-147987.065     8.692     0.00    1.47
-147610.969     9.836     3.04    1.70
-147234.868    10.666     2.21    1.77
-146858.763    10.999     0.89    1.66
-146482.653    11.831     2.21    2.24
-146106.539    12.076     0.65    2.28
-145730.419    11.241    -2.22    2.54
-145354.295    10.769    -1.26    2.63
-144978.166    10.743    -0.07    2.50
-144602.033    10.878     0.36    2.52
-144225.895    11.788     2.42    2.43
-143849.752    12.782     2.64    2.55
-143473.604    12.683    -0.26    2.52
-143097.452    12.589    -0.25    1.96
-142721.295    12.890     0.80    2.16
-142345.133    13.562     1.79    3.05
-141968.967    13.922     0.96    3.34
-141592.795    14.130     0.55    3.41
-141216.620    14.435     0.81    3.74
-140840.439    15.153     1.91    3.74
-140464.253    16.358     3.20    4.09
-140088.063    18.295     5.15    3.69
-139711.868    18.871     1.53    3.95
-139335.669    19.890     2.71    3.69
-138959.464    21.179     3.43    3.18
-138583.255    21.475     0.79    3.08
-138207.042    21.664     0.50    2.70
-137830.823    20.511    -3.06    3.17
-137454.600    19.376    -3.02    2.80
-137078.372    18.755    -1.65    2.45
-136702.139    19.295     1.44    2.39
-136325.901    21.303     5.34    2.58
-135949.659    22.725     3.78    2.55
-135573.412    23.692     2.57    2.19
-135197.160    24.025     0.89    2.22
-134820.903    24.692     1.77    2.79
-134444.642    26.341     4.38    3.69
-134068.376    28.076     4.61    3.43
-133692.105    29.551     3.92    2.84
-133315.829    28.666    -2.35    4.18
-132939.549    25.647    -8.02    4.37
-132563.264    23.604    -5.43    3.94
-132186.974    20.900    -7.19    3.68
-131810.679    18.969    -5.13    3.89
-131434.379    17.079    -5.02    3.81
-131058.075    15.971    -2.94    3.44
-130681.766    16.025     0.14    4.63
-130305.452    14.187    -4.88    4.14
-129929.134    12.654    -4.08    3.22
-129552.810    11.700    -2.53    1.86
-129176.482    11.499    -0.53    1.25
-128800.149    11.809     0.82    1.23
-128423.811    11.999     0.51    1.42
-128047.469    12.367     0.98    1.65
-127671.121    13.102     1.95    1.97
-127294.769    13.974     2.32    2.70
-126918.412    14.051     0.20    2.98
-126542.050    13.999    -0.14    2.61
-126165.684    14.076     0.21    2.55
-125789.312    14.775     1.86    2.72
-125412.936    15.803     2.73    2.98
-125036.555    16.566     2.03    3.05
-124660.169    17.314     1.99    3.26
-124283.778    18.430     2.96    3.50
-123907.383    19.314     2.35    3.87
-123530.983    21.231     5.09    3.95
-123154.578    23.717     6.61    4.09
-122778.168    25.333     4.29    3.73
-122401.753    25.539     0.55    3.36
-122025.333    24.333    -3.20    3.83
-121648.909    22.593    -4.62    3.11
-121272.480    21.230    -3.62    2.64
-120896.046    21.307     0.20    3.32
-120519.607    22.430     2.98    4.30
-120143.163    23.179     1.99    4.79
-119766.715    23.769     1.57    4.55
-119390.261    23.375    -1.05    3.44
-119013.803    23.133    -0.64    2.47
-118637.340    22.897    -0.63    2.25
-118260.872    22.890    -0.02    2.14
-117884.399    23.640     1.99    3.07
-117507.922    24.314     1.79    3.41
-117131.439    25.025     1.89    3.52
-116754.952    25.410     1.02    3.01
-116378.460    25.051    -0.95    2.58
-116001.963    24.647    -1.07    2.22
-115625.461    26.615     5.23    3.59
-115248.954    29.275     7.07    5.07
-114872.443    31.410     5.67    5.16
-114495.926    33.025     4.29    4.37
-114119.405    33.511     1.29    4.54
-113742.879    33.563     0.14    4.71
-113366.348    33.256    -0.82    4.98
-112989.812    34.128     2.32    5.82
-112613.271    35.701     4.18    5.89
-112236.726    36.743     2.77    5.92
-111860.175    38.052     3.48    6.30
-111483.620    39.314     3.35    6.02
-111107.059    39.743     1.14    5.21
-110731.174    41.290     4.11    4.53
-110355.578    39.615    -4.46    3.67
-109979.976    40.025     1.09    4.14
-109604.370    41.133     2.95    4.86
-109228.759    42.701     4.17    5.16
-108853.144    45.081     6.34    5.58
-108477.523    46.850     4.71    5.67
-108101.897    48.589     4.63    5.36
-107726.267    49.420     2.21    6.04
-107350.631    48.775    -1.72    5.56
-106974.991    47.717    -2.82    4.48
-106599.346    47.307    -1.09    3.74
-106223.696    45.946    -3.62    3.51
-105848.041    45.256    -1.84    3.63
-105472.382    44.755    -1.33    3.22
-105096.717    45.788     2.75    4.01
-104721.048    47.525     4.62    4.44
-104345.373    49.711     5.82    4.09
-103969.694    52.076     6.30    4.04
-103594.010    54.566     6.63    4.41
-103218.321    56.295     4.60    4.10
-102842.627    55.539    -2.01    5.29
-102466.928    53.664    -4.99    6.18
-102091.224    51.425    -5.96    5.87
-101715.516    49.871    -4.14    5.52
-101339.802    49.322    -1.46    5.31
-100964.084    48.128    -3.18    4.71
-100588.361    47.209    -2.44    3.71
-100212.632    46.750    -1.22    2.83
 -99836.899    46.078    -1.79    1.99
 -99461.161    46.153     0.20    1.66
 -99085.418    47.944     4.77    3.55
 -98709.670    50.563     6.97    5.22
 -98333.917    53.200     7.02    5.40
 -97958.160    55.442     5.97    5.95
 -97582.397    58.106     7.09    7.78
 -97206.630    60.403     6.11    9.08
 -96830.857    60.890     1.29    8.75
 -96455.080    60.179    -1.89    8.60
 -96079.297    59.196    -2.61    7.79
 -95703.510    57.025    -5.78    6.71
 -95327.718    56.446    -1.54    6.01
 -94951.921    56.593     0.39    5.76
 -94576.119    56.358    -0.62    4.78
 -94200.312    56.709     0.93    4.01
 -93824.500    57.204     1.32    3.75
 -93448.683    58.410     3.21    4.48
 -93072.861    59.025     1.64    4.71
 -92697.034    58.999    -0.07    4.98
 -92321.202    59.333     0.89    5.78
 -91945.366    59.275    -0.15    5.08
 -91569.524    59.275     0.00    4.33
 -91193.678    59.484     0.56    3.37
 -90817.826    60.025     1.44    2.94
 -90441.969    60.499     1.26    3.86
 -90066.108    60.281    -0.58    4.18
 -89690.242    60.196    -0.23    4.19
 -89314.370    59.640    -1.48    3.70
 -88938.494    59.920     0.74    2.98
 -88562.613    60.457     1.43    2.91
 -88186.726    62.102     4.37    3.46
 -87810.835    62.214     0.30    3.21
 -87434.939    62.692     1.27    2.77
 -87059.038    63.102     1.09    2.68
 -86683.132    63.925     2.19    3.04
 -86307.220    65.944     5.37    4.25
 -85931.304    68.250     6.13    5.12
 -85555.383    70.358     5.61    4.51
 -85179.457    72.219     4.95    5.20
 -84803.526    72.420     0.53    5.23
 -84427.590    72.079    -0.91    5.10
 -84051.649    74.604     6.72    6.08
 -83675.703    76.487     5.01    5.89
 -83299.752    80.298    10.14    5.99
 -82923.796    84.262    10.54    6.31
 -82547.835    88.349    10.87    7.17
 -82171.869    91.782     9.13    7.08
 -81795.898    89.900    -5.00    8.69
 -81419.922    86.809    -8.22    9.22
 -81043.941    86.001    -2.15    8.47
 -80667.955    86.820     2.18    8.77
 -80291.964    92.410    14.87    9.53
 -79915.967   100.457    21.40    8.29
 -79539.966   106.051    14.88    6.69
 -79163.960   109.209     8.40    5.66
 -78787.949   109.914     1.87    5.21
 -78411.933   106.025   -10.34    7.33
 -78035.912   105.942    -0.22    8.14
 -77659.886   107.333     3.70    8.99
 -77283.855   111.512    11.11    9.51
 -76907.818   116.136    12.30    7.73
 -76531.777   113.701    -6.48    8.93
 -76155.731   108.620   -13.51    9.15
 -75779.680   106.841    -4.73    6.88
 -75403.623   109.050     5.87    8.69
 -75027.562   112.917    10.28    8.60
 -74651.496   118.475    14.78    7.15
 -74275.424   122.640    11.08    6.85
 -73899.348   124.525     5.01    6.78
 -73523.266   124.946     1.12    7.95
 -73147.180   123.153    -4.77    8.00
 -72771.088   123.230     0.20    7.02
 -72394.991   123.657     1.13    6.87
 -72018.890   124.575     2.44    6.65
 -71642.783   126.241     4.43    6.53
 -71266.671   125.975    -0.71    6.78
 -70890.554   124.650    -3.52    6.64
 -70514.432   124.803     0.41    4.67
 -70138.305   124.376    -1.13    5.02
 -69762.173   124.160    -0.57    5.31
 -69386.036   125.230     2.84    6.10
 -69009.894   126.175     2.51    5.70
 -68633.747   126.836     1.76    5.53
 -68257.594   128.625     4.76    6.18
 -67881.437   127.794    -2.21    6.36
 -67505.274   125.755    -5.42    6.14
 -67129.107   124.051    -4.53    5.27
 -66752.934   123.666    -1.02    5.86
 -66376.757   124.846     3.14    6.06
 -66000.574   125.762     2.44    5.94
 -65624.386   124.750    -2.69    4.83
 -65248.193   125.322     1.52    5.23
 -64871.995   126.757     3.81    5.33
 -64495.792   129.948     8.48    6.28
 -64119.584   133.747    10.10    6.57
 -63743.370   135.863     5.62    8.57
 -63367.152   138.295     6.47    9.40
 -62990.929   141.512     8.55    9.19
 -62614.700   142.846     3.54    8.09
 -62238.466   144.539     4.50    6.93
 -61862.227   147.102     6.81    7.24
 -61485.984   149.025     5.11    7.13
 -61109.735   150.430     3.74    6.13
 -60733.480   150.650     0.58    9.27
 -60357.221   149.025    -4.32   11.83
 -59980.957   134.204   -39.39   24.10
 -59604.688   118.420   -41.95   28.42
 -59228.413   102.175   -43.17   26.07
 -58852.133    83.187   -50.46   10.00
 -58475.848    77.562   -14.95    7.30
 -58099.559    75.051    -6.67    6.37
 -57723.264    73.886    -3.09    6.48
 -57346.963    73.403    -1.28    6.18
 -56970.658    70.762    -7.02    6.48
 -56594.348    67.948    -7.48    6.63
 -56218.032    62.692   -13.97    7.25
 -55841.711    58.971    -9.89    6.82
 -55465.386    54.755   -11.20    6.82
 -55089.055    52.241    -6.68    6.95
 -54712.719    48.788    -9.18    6.21
 -54336.377    46.775    -5.35    5.30
 -53960.031    46.376    -1.06    5.95
 -53583.679    45.781    -1.58    6.55
 -53207.323    46.281     1.33    6.51
 -52830.961    45.051    -3.27    6.44
 -52454.594    42.701    -6.24    6.70
 -52078.222    41.230    -3.91    6.47
 -51701.845    41.367     0.36    6.52
 -51325.462    41.608     0.64    5.75
 -50949.075    42.358     1.99    5.44
 -50572.682    41.566    -2.11    4.16
 -50196.284    39.900    -4.42    3.78
 -49819.881    37.794    -5.59    3.56
 -49443.473    35.739    -5.46    4.03
 -49067.059    34.160    -4.20    4.60
 -48690.641    31.104    -8.12    4.14
 -48314.217    27.814    -8.74    3.35
 -47937.788    25.562    -5.98    3.31
 -47561.354    23.430    -5.66    3.39
 -47184.915    22.425    -2.67    3.72
 -46808.470    22.717     0.78    5.50
 -46432.021    22.867     0.40    5.34
 -46055.566    23.288     1.12    4.59
 -45679.106    22.794    -1.31    3.60
 -45302.641    22.550    -0.65    3.23
 -44926.170    22.025    -1.39    2.98
 -44549.695    20.846    -3.13    1.55
 -44173.214    20.499    -0.92    1.29
 -43796.728    20.900     1.07    2.19
 -43420.237    22.625     4.58    4.28
 -43043.741    23.525     2.39    4.24
 -42667.239    26.349     7.50    4.59
 -42290.732    28.539     5.81    4.55
 -41914.220    30.539     5.31    4.77
 -41537.703    30.461    -0.21    5.21
 -41161.181    28.803    -4.40    6.17
 -40784.653    24.948   -10.24    6.93
 -40408.121    21.236    -9.86    6.00
 -40031.583    17.430   -10.11    5.57
 -39655.039    13.871    -9.45    4.57
 -39278.491    12.104    -4.69    3.21
 -38901.937    10.666    -3.82    1.71
 -38525.378    10.538    -0.34    1.79
 -38148.814    11.225     1.82    1.94
 -37772.245    11.657     1.15    2.19
 -37395.670    11.974     0.84    1.90
 -37019.091    11.794    -0.48    2.06
 -36642.506    11.053    -1.97    2.17
 -36265.915    10.944    -0.29    2.23
 -35889.320    10.551    -1.04    2.73
 -35513.730     9.683    -2.31    2.72
 -35138.170     8.435    -3.32    2.26
 -34762.604     7.613    -2.19    2.18
 -34387.034     6.846    -2.04    1.37
 -34011.458     6.420    -1.13    1.10
 -33635.876     6.701     0.75    1.62
 -33260.290     7.563     2.30    2.28
 -32884.698     8.841     3.40    3.33
 -32509.102    11.307     6.57    3.60
 -32133.500    13.204     5.05    3.28
 -31757.892    14.589     3.69    3.36
 -31382.280    16.620     5.41    3.88
 -31006.662    18.200     4.21    4.62
 -30631.039    21.630     9.13    5.25
 -30255.411    25.581    10.52    6.11
 -29879.777    27.314     4.62    6.81
 -29504.139    29.728     6.42    5.99
 -29128.495    31.640     5.09    6.38
 -28752.846    32.743     2.94    6.36
 -28377.191    35.728     7.95    6.77
 -28001.532    38.701     7.91    6.96
 -27625.867    40.998     6.12    7.05
 -27250.197    44.897    10.38    6.85
 -26874.521    48.275     8.99    6.25
 -26498.841    50.647     6.31    4.84
 -26123.155    49.725    -2.45    4.96
 -25747.464    47.578    -5.72    5.00
 -25371.767    44.841    -7.28    4.22
 -24996.066    42.893    -5.18    4.28
 -24620.359    41.384    -4.02    5.40
 -24244.646    39.341    -5.44    5.45
 -23868.929    37.349    -5.30    5.42
 -23493.206    34.325    -8.05    5.52
 -23117.478    30.841    -9.27    4.27
 -22741.745    28.615    -5.92    3.59
 -22366.006    26.281    -6.21    2.83
 -21990.263    24.890    -3.70    2.41
 -21614.514    23.701    -3.16    2.76
 -21238.759    21.890    -4.82    2.93
 -20863.000    20.563    -3.53    2.38
 -20487.235    19.391    -3.12    2.17
 -20111.464    18.657    -1.95    1.98
 -19735.689    17.350    -3.48    2.19
 -19359.908    16.078    -3.39    1.82
 -18984.122    14.871    -3.21    1.73
 -18608.331    13.640    -3.28    1.41
 -18232.534    12.446    -3.18    1.87
 -17856.732    11.457    -2.63    1.95
 -17480.925    10.076    -3.68    2.25
 -17105.112     9.075    -2.66    2.24
 -16729.294     7.620    -3.87    1.96
 -16353.471     6.850    -2.05    1.57
 -15977.643     5.893    -2.55    1.95
 -15601.809     4.782    -2.96    2.03
 -15225.970     3.457    -3.52    1.72
 -14850.125     2.339    -2.98    1.55
 -14474.276     1.700    -1.70    1.86
 -14098.421     1.050    -1.73    1.66
 -13722.560     0.647    -1.07    1.36
 -13346.695     0.410    -0.63    1.07
 -12970.824     0.511     0.27    1.24
 -12594.947     0.512     0.00    1.30
 -12219.066     0.128    -1.02    1.89
 -11843.179    -0.370    -1.32    1.65
 -11467.286    -0.488    -0.31    1.52
 -11091.389    -0.437     0.14    1.43
 -10715.486    -0.316     0.32    1.42
 -10339.577    -0.299     0.05    1.13
  -9963.664    -0.125     0.46    1.29
  -9587.745     0.499     1.66    1.74
  -9211.820     1.104     1.61    1.87
  -8835.891     1.499     1.05    2.15
  -8459.956     1.625     0.34    2.30
  -8084.015     1.640     0.04    2.06
  -7708.070     1.230    -1.09    1.96
  -7332.119     0.728    -1.34    1.63
  -6956.162     0.820     0.25    1.40
  -6580.200     1.053     0.62    1.72
  -6204.233     1.358     0.81    1.81
  -5828.261     1.897     1.43    1.79
  -5452.283     1.841    -0.15    1.90
  -5076.300     1.128    -1.90    1.92
  -4700.311     0.153    -2.59    1.38
  -4324.317    -0.283    -1.16    0.95
  -3948.318     0.052     0.89    1.26
  -3572.313     0.794     1.97    1.69
  -3196.303     0.971     0.47    1.68
  -2820.288     1.461     1.30    1.77
  -2444.267     1.825     0.97    1.83
  -2068.241     1.466    -0.95    1.89
  -1692.209     1.999     1.42    2.05
  -1316.172     0.736    -3.36    2.78
   -940.130    -0.659    -3.71    3.01
   -564.082    -1.434    -2.06    2.60
   -188.029    -1.197     0.63    2.62
    188.029     0.325     4.05    2.28
    564.093     1.307     2.61    1.39
    940.162     1.288    -0.05    1.25
   1316.237     1.179    -0.29    1.23
   1692.317     1.487     0.82    1.35
   2068.403     1.769     0.75    1.63
   2444.493     2.604     2.22    1.93
   2820.590     2.948     0.92    1.97
   3196.691     3.890     2.50    1.75
   3572.798     4.393     1.34    1.99
   3948.911     4.850     1.21    2.33
   4325.029     5.858     2.68    2.32
   4701.152     6.295     1.16    2.29
   5077.281     6.944     1.72    1.91
   5453.415     7.539     1.58    1.74
   5829.555     8.566     2.73    1.79
   6205.700     9.219     1.74    1.86
   6581.850    10.475     3.34    2.17
   6958.006    11.736     3.35    2.43
   7334.167    13.403     4.43    2.83
   7710.334    14.871     3.90    3.14
   8086.506    15.736     2.30    2.86
   8462.683    15.820     0.22    2.71
   8838.866    15.897     0.20    2.76
   9215.055    15.692    -0.55    2.30
   9591.249    16.236     1.45    2.21
   9967.448    16.846     1.62    1.79
  10343.653    17.100     0.68    1.61
  10719.863    17.525     1.13    2.13
  11096.079    17.972     1.19    2.17
  11472.300    19.130     3.08    2.00
  11848.526    19.999     2.31    2.14
  12224.758    21.410     3.75    2.17
  12600.996    22.496     2.89    2.14
  12977.238    23.512     2.70    2.05
  13353.487    24.179     1.77    1.74
  13729.741    24.701     1.39    1.70
  14106.000    25.256     1.48    1.95
  14482.265    25.971     1.90    2.09
  14858.535    27.384     3.76    2.15
  15234.811    28.487     2.93    2.47
  15611.092    29.358     2.32    2.65
  15987.378    30.893     4.08    3.05
  16363.670    32.410     4.03    3.18
  16739.968    34.153     4.63    2.88
  17116.271    35.376     3.25    2.41
  17492.579    35.922     1.45    2.80
  17868.893    36.539     1.64    3.63
  18245.213    37.589     2.79    3.47
  18621.538    38.025     1.16    3.23
  18997.868    39.084     2.81    3.46
  19374.204    38.640    -1.18    3.82
  19750.546    38.657     0.04    3.98
  20126.893    38.841     0.49    3.71
  20503.245    39.230     1.03    3.44
  20879.603    39.803     1.52    3.78
  21255.966    39.975     0.46    4.03
  21632.335    40.179     0.54    3.92
  22008.710    40.051    -0.34    3.70
  22385.090    40.076     0.07    2.91
  22761.475    40.153     0.20    2.78
  23137.866    40.307     0.41    2.96
  23514.262    40.420     0.30    2.68
  23890.664    39.999    -1.12    2.51
  24267.072    40.430     1.15    2.83
  24643.485    40.867     1.16    3.72
  25019.903    41.675     2.15    4.34
  25396.327    43.664     5.28    4.61
  25772.757    44.430     2.04    4.03
  26149.192    44.755     0.86    3.46
  26525.633    45.457     1.87    3.98
  26902.079    46.052     1.58    4.71
  27278.531    46.775     1.92    5.04
  27654.988    49.125     6.24    4.19
  28031.450    51.179     5.46    3.04
  28407.919    52.836     4.40    3.37
  28784.393    55.717     7.65    5.08
  29160.872    58.051     6.20    6.42
  29537.357    61.589     9.40    6.56
  29913.847    64.230     7.01    6.11
  30290.343    64.384     0.41    5.74
  30666.845    64.551     0.44    6.44
  31043.352    64.820     0.71    6.50
  31419.864    65.757     2.49    6.04
  31796.383    68.214     6.53    5.58
  32172.906    70.538     6.17    4.97
  32549.436    73.367     7.51    5.09
  32925.971    76.922     9.44    5.48
  33302.511    77.666     1.97    4.82
  33679.057    76.113    -4.12    5.18
  34055.608    73.435    -7.11    5.55
  34432.166    71.563    -4.97    4.91
  34808.728    72.262     1.85    4.65
  35185.297    73.384     2.98    4.91
  35561.870    75.803     6.42    3.51
  35938.450    77.250     3.84    4.48
  36315.035    78.153     2.40    6.26
  36691.625    77.920    -0.62    7.39
  37068.221    78.850     2.47    6.50
  37444.823    78.717    -0.35    5.68
  37821.430    79.281     1.50    4.17
  38198.043    81.917     7.00    4.55
  38574.662    84.871     7.84    4.70
  38951.286    88.630     9.98    5.08
  39327.659    93.262    12.31    6.73
  39703.177    99.350    16.21    9.34
  40078.701   105.425    16.18    8.44
  40454.231   108.692     8.70    9.21
  40829.766   105.917    -7.39   14.25
  41205.306    97.814   -21.58   18.63
  41580.852    85.322   -33.26   19.52
  41956.404    72.942   -32.97   14.31
  42331.961    63.275   -25.74    9.28
  42707.524    56.589   -17.80    6.20
  43083.093    51.972   -12.29    5.37
  43458.667    49.076    -7.71    4.27
  43834.246    47.078    -5.32    3.92
  44209.832    46.125    -2.54    4.21
  44585.422    46.262     0.36    4.48
  44961.019    45.230    -2.75    4.57
  45336.621    45.130    -0.27    5.22
  45712.228    44.075    -2.81    5.43
  46087.841    41.925    -5.72    5.79
  46463.460    40.803    -2.99    5.96
  46839.084    38.268    -6.75    4.47
  47214.714    35.890    -6.33    4.39
  47590.350    35.133    -2.01    5.45
  47965.991    32.922    -5.89    6.11
  48341.638    29.969    -7.86    5.74
  48717.290    28.600    -3.65    6.41
  49092.948    26.130    -6.57    6.37
  49468.612    23.762    -6.30    6.04
  49844.281    21.512    -5.99    4.78
  50219.956    20.256    -3.34    4.09
  50595.636    19.204    -2.80    2.50
  50971.322    18.630    -1.53    2.28
  51347.014    17.775    -2.28    1.78
  51722.711    17.809     0.09    2.06
  52098.414    17.220    -1.57    2.90
  52474.122    16.666    -1.47    3.77
  52849.836    15.275    -3.70    4.18
  53225.556    12.946    -6.20    4.36
  53601.282    12.209    -1.96    4.45
  53977.013    12.640     1.15    6.16
  54352.749    14.256     4.30    8.02
  54728.492    14.647     1.04    9.18
  55104.240    10.499   -11.04    6.77
  55479.993     8.268    -5.94    5.92
  55855.753     8.666     1.06    8.20
  56231.517    11.400     7.28    9.07
  56607.288    15.674    11.37    9.59
  56983.064    17.775     5.59    9.86
  57358.846    14.236    -9.42    9.84
  57734.634     9.281   -13.18   10.54
  58110.427     2.484   -18.09    7.87
  58486.226    -1.375   -10.27    3.90
  58862.030    -3.475    -5.59    2.24
  59237.840    -4.764    -3.43    0.87
  59613.656    -4.975    -0.56    0.00
  59989.477    -4.975     0.00    0.00
  60365.305    -4.975     0.00    0.00
  60741.137    -4.975     0.00    0.00
  61116.976    -4.975     0.00    0.00
  61492.820    -4.975     0.00    0.00
  61868.670    -4.975     0.00    0.00
  62244.525    -4.975     0.00    0.00
  62620.387    -4.975     0.00    0.00
  62996.253    -4.975     0.00    0.00
  63372.126    -4.975     0.00    0.00
  63748.004    -4.975     0.00    0.00
  64123.888    -4.975     0.00    0.00
  64499.778    -4.975     0.00    0.00
  64875.673    -4.975     0.00    0.00
  65251.574    -4.975     0.00    0.00
  65627.481    -4.975     0.00    0.00
  66003.393    -4.975     0.00    0.00
  66379.311    -4.975     0.00    0.00
  66755.235    -4.975     0.00    0.00
  67131.165    -4.975     0.00    0.00
  67507.100    -4.975     0.00    0.00
  67883.041    -4.975     0.00    0.00
  68258.987    -4.975     0.00    0.00
  68634.940    -4.975     0.00    0.00
  69010.898    -4.975     0.00    0.00
  69386.862    -4.975     0.00    0.00
  69762.831    -4.975     0.00    0.00
  70138.806    -4.975     0.00    0.00
  70514.787    -4.975     0.00    0.00
  70890.774    -4.975     0.00    0.00
  71266.766    -4.975     0.00    0.00
  71642.764    -4.975     0.00    0.00
  72018.768    -4.975     0.00    0.00
  72394.778    -4.975     0.00    0.00
  72770.793    -4.975     0.00    0.00
  73146.814    -4.975     0.00    0.00
  73522.841    -4.975     0.00    0.00
  73898.873    -4.975     0.00    0.00
  74274.911    -4.975     0.00    0.00
  74650.955    -4.975     0.00    0.00
  75027.005    -4.975     0.00    0.00
  75403.061    -4.975     0.00    0.00
  75779.122    -4.975     0.00    0.00
  76155.189    -4.975     0.00    0.00
  76531.262    -4.975     0.00    0.00
  76907.340    -4.975     0.00    0.00
  77283.424    -4.975     0.00    0.00
  77659.514    -4.975     0.00    0.00
  78035.610    -4.975     0.00    0.00
  78411.712    -4.975     0.00    0.00
  78787.819    -4.975     0.00    0.00
  79163.932    -4.975     0.00    0.00
  79540.051    -4.975     0.00    0.00
  79916.175    -4.975     0.00    0.00
  80292.306    -4.975     0.00    0.00
  80668.442    -4.975     0.00    0.00
  81044.584    -4.975     0.00    0.00
  81420.732    -4.975     0.00    0.00
  81796.885    -4.975     0.00    0.00
  82173.044    -4.975     0.00    0.00
  82549.209    -4.975     0.00    0.00
  82925.380    -4.975     0.00    0.00
  83301.557    -4.975     0.00    0.00
  83677.739    -4.975     0.00    0.00
  84053.927    -4.975     0.00    0.00
  84430.121    -4.975     0.00    0.00
  84806.321    -4.975     0.00    0.00
  85182.527    -4.975     0.00    0.00
  85558.738    -4.975     0.00    0.00
  85934.955    -4.975     0.00    0.00
  86311.178    -4.975     0.00    0.00
  86687.407    -4.975     0.00    0.00
  87063.642    -4.975     0.00    0.00
  87439.882    -4.975     0.00    0.00
  87816.129    -4.975     0.00    0.00
  88192.381    -4.975     0.00    0.00
  88568.638    -4.975     0.00    0.00
  88944.902    -4.975     0.00    0.00
  89321.172    -4.975     0.00    0.00
  89697.447    -4.975     0.00    0.00
  90073.728    -4.975     0.00    0.00
  90450.015    -4.975     0.00    0.00
  90826.308    -4.975     0.00    0.00
  91202.607    -4.975     0.00    0.00
  91578.911    -4.975     0.00    0.00
  91955.221    -4.975     0.00    0.00
  92331.538    -4.975     0.00    0.00
  92707.860    -4.975     0.00    0.00
  93084.187    -4.975     0.00    0.00
  93460.521    -4.975     0.00    0.00
  93836.861    -4.975     0.00    0.00
  94213.206    -4.975     0.00    0.00
  94589.557    -4.975     0.00    0.00
  94965.914    -4.975     0.00    0.00
  95342.277    -4.975     0.00    0.00
  95718.646    -4.975     0.00    0.00
  96095.021    -4.975     0.00    0.00
  96471.401    -4.975     0.00    0.00
  96847.787    -4.975     0.00    0.00
  97224.180    -4.975     0.00    0.00
  97600.578    -4.975     0.00    0.00
  97976.982    -4.975     0.00    0.00
  98353.391    -4.975     0.00    0.00
  98729.807    -4.975     0.00    0.00
  99106.229    -4.975     0.00    0.00
  99482.656    -4.975     0.00    0.00
  99859.089    -4.975     0.00    0.00
 100235.528    -4.975     0.00    0.00
 100611.974    -4.975     0.00    0.00
 100988.424    -4.975     0.00    0.00
 101364.881    -4.975     0.00    0.00
 101741.344    -4.975     0.00    0.00
 102117.813    -4.975     0.00    0.00
 102494.287    -4.975     0.00    0.00
 102870.767    -4.975     0.00    0.00
 103247.254    -4.975     0.00    0.00
 103623.746    -4.975     0.00    0.00
 104000.244    -4.975     0.00    0.00
 104376.748    -4.975     0.00    0.00
 104753.258    -4.975     0.00    0.00
 105129.774    -4.975     0.00    0.00
 105506.295    -4.975     0.00    0.00
 105882.823    -4.975     0.00    0.00
 106259.356    -4.975     0.00    0.00
 106635.896    -4.975     0.00    0.00
 107012.441    -4.975     0.00    0.00
 107388.992    -4.975     0.00    0.00
 107765.550    -4.975     0.00    0.00
 108142.113    -4.975     0.00    0.00
 108518.682    -4.975     0.00    0.00
 108895.257    -4.975     0.00    0.00
 109271.837    -4.975     0.00    0.00
 109648.424    -4.975     0.00    0.00
 110025.017    -4.975     0.00    0.00
 110401.616    -4.975     0.00    0.00
 110778.220    -4.975     0.00    0.00
 111154.831    -4.975     0.00    0.00
 111531.447    -4.975     0.00    0.00
 111908.069    -4.975     0.00    0.00
 112284.698    -4.975     0.00    0.00
 112661.332    -4.975     0.00    0.00
 113037.972    -4.975     0.00    0.00
 113414.619    -4.975     0.00    0.00
 113791.271    -4.975     0.00    0.00
 114167.929    -4.975     0.00    0.00
 114544.017    -4.975     0.00    0.00
 114919.506    -4.975     0.00    0.00
 115295.000    -4.975     0.00    0.00
 115670.500    -4.975     0.00    0.00
 116046.007    -4.975     0.00    0.00
 116421.519    -4.975     0.00    0.00
 116797.037    -4.975     0.00    0.00
 117172.561    -4.975     0.00    0.00
 117548.091    -4.975     0.00    0.00
 117923.626    -4.975     0.00    0.00
 118299.168    -4.975     0.00    0.00
 118674.716    -4.975     0.00    0.00
 119050.270    -4.975     0.00    0.00
 119425.829    -4.975     0.00    0.00
 119801.395    -4.975     0.00    0.00
 120176.966    -4.975     0.00    0.00
 120552.544    -4.975     0.00    0.00
 120928.127    -4.975     0.00    0.00
 121303.716    -4.975     0.00    0.00
 121679.311    -4.975     0.00    0.00
 122054.913    -4.975     0.00    0.00
 122430.520    -4.975     0.00    0.00
 122806.133    -4.975     0.00    0.00
 123181.752    -4.975     0.00    0.00
 123557.377    -4.975     0.00    0.00
 123933.008    -4.975     0.00    0.00
 124308.645    -4.975     0.00    0.00
 124684.288    -4.975     0.00    0.00
 125059.937    -4.975     0.00    0.00
 125435.592    -4.975     0.00    0.00
 125811.253    -4.975     0.00    0.00
 126186.920    -4.975     0.00    0.00
 126562.593    -4.975     0.00    0.00
 126938.271    -4.975     0.00    0.00
 127313.956    -4.975     0.00    0.00
 127689.647    -4.975     0.00    0.00
 128065.344    -4.975     0.00    0.00
 128441.047    -4.975     0.00    0.00
 128816.755    -4.975     0.00    0.00
 129192.470    -4.975     0.00    0.00
 129568.191    -4.975     0.00    0.00
 129943.918    -4.975     0.00    0.00
 130319.650    -4.975     0.00    0.00
 130695.389    -4.975     0.00    0.00
 131071.134    -4.975     0.00    0.00
 131446.885    -4.975     0.00    0.00
 131822.641    -4.975     0.00    0.00
 132198.404    -4.975     0.00    0.00
 132574.173    -4.975     0.00    0.00
 132949.948    -4.975     0.00    0.00
 133325.728    -4.975     0.00    0.00
 133701.515    -4.975     0.00    0.00
 134077.308    -4.975     0.00    0.00
 134453.107    -4.975     0.00    0.00
 134828.912    -4.975     0.00    0.00
 135204.723    -4.975     0.00    0.00
 135580.540    -4.975     0.00    0.00
 135956.363    -4.975     0.00    0.00
 136332.192    -4.975     0.00    0.00
 136708.027    -4.975     0.00    0.00
 137083.868    -4.975     0.00    0.00
 137459.715    -4.975     0.00    0.00
 137835.568    -4.975     0.00    0.00
 138211.427    -4.975     0.00    0.00
 138587.292    -4.975     0.00    0.00
 138963.164    -4.975     0.00    0.00
 139339.041    -4.975     0.00    0.00
 139714.924    -4.975     0.00    0.00
 140090.814    -4.975     0.00    0.00
 140466.709    -4.975     0.00    0.00
 140842.611    -4.975     0.00    0.00
 141218.518    -4.975     0.00    0.00
 141594.432    -4.975     0.00    0.00
 141970.352    -4.975     0.00    0.00
 142346.277    -4.975     0.00    0.00
 142722.209    -4.975     0.00    0.00
 143098.147    -4.975     0.00    0.00
 143474.091    -4.975     0.00    0.00
 143850.041    -4.975     0.00    0.00
 144225.997    -4.975     0.00    0.00
 144601.959    -4.975     0.00    0.00
 144977.928    -4.975     0.00    0.00
 145353.902    -4.975     0.00    0.00
 145729.882    -4.975     0.00    0.00
 146105.869    -4.975     0.00    0.00
 146481.861    -4.975     0.00    0.00
 146857.860    -4.975     0.00    0.00
 147233.865    -4.975     0.00    0.00
 147609.876    -4.975     0.00    0.00
 147985.893    -4.975     0.00    0.00
 148361.916    -4.975     0.00    0.00
 148737.945    -4.975     0.00    0.00
 149113.980    -4.975     0.00    0.00
 149490.021    -4.975     0.00    0.00
 149866.069    -4.975     0.00    0.00
 150242.122    -4.975     0.00    0.00
 150618.182    -4.975     0.00    0.00
 150994.248    -4.975     0.00    0.00
 151370.320    -4.975     0.00    0.00
 151746.398    -4.975     0.00    0.00
 152122.482    -4.975     0.00    0.00
 152498.572    -4.975     0.00    0.00
 152874.668    -4.975     0.00    0.00
 153250.771    -4.975     0.00    0.00
 153626.879    -4.975     0.00    0.00
 154002.994    -4.975     0.00    0.00
 154379.115    -4.975     0.00    0.00
 154755.242    -4.975     0.00    0.00
 155131.375    -4.975     0.00    0.00
 155507.514    -4.975     0.00    0.00
 155883.660    -4.975     0.00    0.00
 156259.811    -4.975     0.00    0.00
 156635.969    -4.975     0.00    0.00
 157012.132    -4.975     0.00    0.00
 157388.302    -4.975     0.00    0.00
 157764.479    -4.975     0.00    0.00
 158140.661    -4.975     0.00    0.00
 158516.849    -4.975     0.00    0.00
 158893.044    -4.975     0.00    0.00
 159269.244    -4.975     0.00    0.00
 159645.451    -4.975     0.00    0.00
 160021.664    -4.975     0.00    0.00
 160397.883    -4.975     0.00    0.00
 160774.109    -4.975     0.00    0.00
 161150.340    -4.975     0.00    0.00
 161526.578    -4.975     0.00    0.00
 161902.822    -4.975     0.00    0.00
 162279.072    -4.975     0.00    0.00
 162655.328    -4.975     0.00    0.00
 163031.590    -4.975     0.00    0.00
 163407.859    -4.975     0.00    0.00
 163784.133    -4.975     0.00    0.00
 164160.414    -4.975     0.00    0.00
 164536.701    -4.975     0.00    0.00
 164912.994    -4.975     0.00    0.00
 165289.294    -4.975     0.00    0.00
 165665.599    -4.975     0.00    0.00
 166041.911    -4.975     0.00    0.00
 166418.229    -4.975     0.00    0.00
 166794.553    -4.975     0.00    0.00
 167170.884    -4.975     0.00    0.00
